1 0.72109375 0.64453125 0.03203125 0.05546875
1 0.778125 0.21875 0.0484375 0.0578125
1 0.21953125 0.32734375 0.0453125 0.05859375
1 0.35703125 0.73828125 0.03125 0.06328125
1 0.034375 0.13125 0.03125 0.0671875
1 0.36015625 0.875 0.04375 0.0578125
1 0.41015625 0.04453125 0.0453125 0.0515625
1 0.4265625 0.68671875 0.06796875 0.03671875
1 0.23125 0.46171875 0.03046875 0.06875
1 0.7328125 0.528125 0.02890625 0.065625
1 0.91875 0.5296875 0.03203125 0.0640625
1 0.28125 0.53984375 0.059375 0.03125
1 0.45390625 0.5578125 0.0640625 0.03671875
1 0.6890625 0.39609375 0.03203125 0.06328125
1 0.1140625 0.6375 0.05078125 0.0359375
1 0.5296875 0.5671875 0.0296875 0.05859375
1 0.02421875 0.053125 0.0453125 0.0375
1 0.5265625 0.77734375 0.03203125 0.06640625
1 0.015625 0.61875 0.02734375 0.04765625
1 0.12109375 0.4453125 0.0375 0.053125
1 0.725 0.415625 0.0421875 0.05859375
1 0.20546875 0.9109375 0.06328125 0.08359375
1 0.559375 0.78984375 0.0296875 0.06796875
1 0.7953125 0.7875 0.0421875 0.04296875