1 0.46796875 0.81953125 0.0453125 0.046875
1 0.3359375 0.50625 0.02734375 0.0546875
1 0.6453125 0.9859375 0.03671875 0.02578125
1 0.421875 0.30703125 0.0421875 0.05
1 0.30625 0.31328125 0.0265625 0.0578125
1 0.7734375 0.86171875 0.0453125 0.0515625
1 0.72421875 0.4703125 0.04765625 0.04140625
1 0.09921875 0.4046875 0.040625 0.03046875
1 0.1453125 0.00859375 0.05 0.0171875
1 0.52578125 0.22265625 0.0375 0.05234375
1 0.98984375 0.09453125 0.01796875 0.04296875
1 0.08359375 0.67265625 0.03203125 0.05390625
1 0.5390625 0.59453125 0.0375 0.04375
1 0.20859375 0.359375 0.05 0.03046875
1 0.88203125 0.21875 0.05078125 0.03046875
1 0.0078125 0.25078125 0.015625 0.03671875
1 0.09375 0.17734375 0.04296875 0.075
1 0.63984375 0.35078125 0.05234375 0.04140625
1 0.91015625 0.7484375 0.0515625 0.05
1 0.96640625 0.6859375 0.0578125 0.0515625
1 0.53125 0.74375 0.0625 0.0578125
1 0.66015625 0.15859375 0.05859375 0.096875
1 0.378125 0.71796875 0.03359375 0.0640625