1 0.91328125 0.47265625 0.07734375 0.03125
1 0.20625 0.55234375 0.07265625 0.03828125
1 0.6109375 0.56796875 0.09765625 0.046875
1 0.08828125 0.8546875 0.0859375 0.03515625
1 0.33046875 0.63359375 0.07421875 0.0453125
1 0.3875 0.2125 0.05078125 0.03671875
1 0.87578125 0.33671875 0.06171875 0.04765625
1 0.7828125 0.153125 0.065625 0.02890625
1 0.1859375 0.19140625 0.05546875 0.06796875
1 0.11953125 0.3234375 0.07578125 0.0734375
1 0.6328125 0.2609375 0.05625 0.0671875
1 0.2234375 0.9765625 0.05625 0.04453125
1 0.040625 0.1734375 0.078125 0.071875
1 0.15625 0.02734375 0.10625 0.05
1 0.02109375 0.453125 0.03828125 0.04296875