1 0.74296875 0.8765625 0.05 0.046875
1 0.4953125 0.56953125 0.03984375 0.046875
1 0.73203125 0.11796875 0.0609375 0.03203125
1 0.5078125 0.47734375 0.03125 0.06015625
1 0.5359375 0.09453125 0.05 0.0359375
1 0.26015625 0.4765625 0.03125 0.05625
1 0.86328125 0.809375 0.05390625 0.03984375
1 0.228125 0.28828125 0.0390625 0.046875
1 0.4734375 0.771875 0.05703125 0.02734375
1 0.55546875 0.0234375 0.03125 0.0421875
1 0.16171875 0.66640625 0.028125 0.053125
1 0.70859375 0.30078125 0.06640625 0.0296875
1 0.36796875 0.01015625 0.05078125 0.01953125
1 0.0984375 0.4109375 0.04453125 0.03984375
1 0.559375 0.98203125 0.04296875 0.03359375
1 0.4640625 0.4078125 0.0546875 0.02734375
1 0.5234375 0.86015625 0.03359375 0.034375
1 0.11484375 0.8046875 0.0421875 0.07109375
1 0.07265625 0.91953125 0.06953125 0.03828125
1 0.021875 0.6046875 0.03828125 0.06484375
1 0.1171875 0.13671875 0.040625 0.04609375
1 0.31328125 0.1234375 0.06640625 0.05078125
1 0.825 0.5484375 0.0578125 0.05625
1 0.77578125 0.471875 0.065625 0.04609375
1 0.9546875 0.47265625 0.05546875 0.04375
1 0.9140625 0.25625 0.05078125 0.08203125
1 0.33671875 0.59140625 0.0546875 0.07578125