1 0.18125 0.11328125 0.03984375 0.05390625
1 0.88125 0.41328125 0.05390625 0.02890625
1 0.0078125 0.95703125 0.01484375 0.0546875
1 0.2734375 0.0578125 0.0578125 0.03359375
1 0.6328125 0.22265625 0.05390625 0.03671875
1 0.73984375 0.371875 0.0609375 0.03125
1 0.41953125 0.61484375 0.053125 0.04296875
1 0.60546875 0.496875 0.03828125 0.02734375
1 0.26796875 0.640625 0.0453125 0.03828125
1 0.03203125 0.57890625 0.05546875 0.02890625
1 0.7546875 0.32109375 0.04375 0.0359375
1 0.1109375 0.94609375 0.02578125 0.025
1 0.90625 0.67421875 0.06640625 0.03203125
1 0.51875 0.16875 0.0640625 0.03359375
1 0.57265625 0.01640625 0.05859375 0.03046875
1 0.509375 0.56796875 0.034375 0.03046875
1 0.3515625 0.75546875 0.0515625 0.0265625
1 0.740625 0.803125 0.06171875 0.028125
1 0.93125 0.1515625 0.02734375 0.0546875
1 0.30703125 0.4890625 0.03046875 0.06171875
1 0.8859375 0.83984375 0.046875 0.02890625
1 0.46875 0.871875 0.0578125 0.03125
1 0.0859375 0.02578125 0.02578125 0.04296875
1 0.2078125 0.24140625 0.065625 0.0453125
1 0.1078125 0.30859375 0.05 0.08046875
1 0.1421875 0.4390625 0.0484375 0.046875
1 0.653125 0.5734375 0.071875 0.0375