1 0.3828125 0.24609375 0.0671875 0.03984375
1 0.16640625 0.13984375 0.06640625 0.034375
1 0.39609375 0.37265625 0.04140625 0.05390625
1 0.3109375 0.65546875 0.03359375 0.0515625
1 0.7046875 0.75703125 0.0578125 0.0375
1 0.821875 0.1796875 0.0609375 0.0359375
1 0.384375 0.028125 0.034375 0.05234375
1 0.021875 0.096875 0.04375 0.034375
1 0.659375 0.31796875 0.04765625 0.04921875
1 0.26171875 0.51875 0.06796875 0.0328125
1 0.48671875 0.48671875 0.04609375 0.053125
1 0.840625 0.87890625 0.0640625 0.03046875
1 0.36484375 0.11484375 0.075 0.03515625
1 0.715625 0.42265625 0.05625 0.0734375