1 0.38515625 0.128125 0.071875 0.028125
1 0.215625 0.74609375 0.04375 0.05625
1 0.178125 0.91015625 0.0453125 0.06171875
1 0.65625 0.33203125 0.06328125 0.04296875
1 0.89765625 0.37265625 0.046875 0.03671875
1 0.359375 0.7625 0.0578125 0.02890625
1 0.22265625 0.46484375 0.0515625 0.0375
1 0.61640625 0.78984375 0.059375 0.02890625
1 0.87421875 0.55234375 0.059375 0.0625
1 0.0390625 0.35 0.0390625 0.07734375
1 0.3015625 0.0515625 0.06171875 0.03671875
1 0.38046875 0.44765625 0.05859375 0.06484375
1 0.84296875 0.9875 0.0625 0.02109375
1 0.6703125 0.13515625 0.04453125 0.06171875
1 0.59921875 0.13359375 0.07421875 0.04296875