1 0.859375 0.57734375 0.028125 0.0609375
1 0.1421875 0.5015625 0.05078125 0.02734375
1 0.265625 0.7640625 0.046875 0.03515625
1 0.51953125 0.50625 0.04921875 0.04375
1 0.9609375 0.9203125 0.02890625 0.05703125
1 0.8734375 0.4546875 0.0515625 0.03046875
1 0.7265625 0.934375 0.05 0.05
1 0.64140625 0.1375 0.028125 0.05703125
1 0.65859375 0.7390625 0.0625 0.03046875
1 0.75703125 0.98828125 0.02421875 0.0203125
1 0.3640625 0.3171875 0.071875 0.0765625
1 0.8171875 0.64921875 0.0484375 0.0609375
1 0.784375 0.6609375 0.040625 0.071875
1 0.19921875 0.65703125 0.0546875 0.05625
1 0.05625 0.6890625 0.04296875 0.07421875