1 0.15 0.35703125 0.0453125 0.025
1 0.94375 0.2546875 0.0265625 0.05703125
1 0.60859375 0.21796875 0.0328125 0.0453125
1 0.3171875 0.20390625 0.0234375 0.04453125
1 0.03125 0.3953125 0.046875 0.021875
1 0.18984375 0.13125 0.02890625 0.046875
1 0.07734375 0.07265625 0.03125 0.05390625
1 0.46875 0.07578125 0.03125 0.04296875
1 0.13203125 0.2140625 0.0203125 0.03828125
1 0.74765625 0.37421875 0.0328125 0.0359375
1 0.2796875 0.85625 0.03984375 0.03046875
1 0.34765625 0.48203125 0.0359375 0.03046875
1 0.471875 0.3234375 0.04609375 0.08203125