1 0.165625 0.01171875 0.04375 0.0234375
1 0.63359375 0.903125 0.03125 0.059375
1 0.24296875 0.13828125 0.05546875 0.0515625
1 0.9140625 0.2671875 0.059375 0.028125
1 0.07421875 0.04765625 0.04765625 0.0375
1 0.37421875 0.60859375 0.05546875 0.03828125
1 0.92421875 0.70234375 0.0515625 0.03125
1 0.78046875 0.81484375 0.0546875 0.03125
1 0.5890625 0.54609375 0.05703125 0.03125
1 0.20546875 0.30078125 0.06875 0.02890625
1 0.26328125 0.2515625 0.02578125 0.04609375
1 0.9 0.57890625 0.053125 0.03828125
1 0.5359375 0.66328125 0.065625 0.034375
1 0.1953125 0.39765625 0.0453125 0.05390625
1 0.771875 0.390625 0.05546875 0.03515625
1 0.1671875 0.66328125 0.059375 0.02734375
1 0.99140625 0.8359375 0.0140625 0.03984375
1 0.68984375 0.2140625 0.0625 0.0296875
1 0.86875 0.89296875 0.05078125 0.03125
1 0.7390625 0.50234375 0.04296875 0.04765625
1 0.25703125 0.93359375 0.0375 0.05390625
1 0.415625 0.86328125 0.04453125 0.03046875
1 0.50546875 0.75703125 0.02890625 0.04921875
1 0.4515625 0.18828125 0.04375 0.03828125
1 0.4625 0.434375 0.05546875 0.0734375
1 0.3890625 0.39296875 0.07890625 0.04609375
1 0.3765625 0.471875 0.07890625 0.03984375
1 0.63671875 0.42265625 0.065625 0.0515625
1 0.95546875 0.3859375 0.075 0.05625
1 0.56953125 0.32265625 0.08046875 0.03125
0 0.62265625 0.73828125 0.11640625 0.20390625
1 0.17265625 0.5359375 0.0609375 0.07265625