1 0.80078125 0.071875 0.04765625 0.04765625
1 0.85703125 0.471875 0.06171875 0.0328125
1 0.23203125 0.95390625 0.03828125 0.059375
1 0.8453125 0.92421875 0.065625 0.0296875
1 0.42890625 0.5734375 0.0609375 0.0296875
1 0.19296875 0.215625 0.046875 0.04453125
1 0.5890625 0.6921875 0.0625 0.0359375
1 0.7 0.8765625 0.0578125 0.04140625
1 0.1140625 0.0390625 0.0734375 0.03359375
1 0.5390625 0.7984375 0.034375 0.053125
1 0.309375 0.6828125 0.05859375 0.03125
1 0.0359375 0.5890625 0.03046875 0.05859375
1 0.66015625 0.1078125 0.06171875 0.04375
1 0.79609375 0.3015625 0.06640625 0.0390625
1 0.2140625 0.709375 0.05390625 0.04296875
1 0.61328125 0.37109375 0.09453125 0.03046875
1 0.8625 0.67890625 0.04375 0.03671875
1 0.9890625 0.259375 0.01953125 0.02734375
1 0.071875 0.96484375 0.06328125 0.03828125
1 0.5046875 0.946875 0.06484375 0.03125
0 0.45390625 0.14609375 0.10859375 0.15625
0 0.22265625 0.05859375 0.10234375 0.09140625
0 0.30859375 0.74296875 0.09609375 0.09765625
0 0.10390625 0.52109375 0.1359375 0.09375
1 0.20625 0.4625 0.059375 0.06484375
1 0.146875 0.3859375 0.034375 0.075
0 0.95 0.525 0.08984375 0.2609375
0 0.94375 0.91796875 0.0875 0.1640625