1 0.46640625 0.86953125 0.04140625 0.04296875
1 0.60546875 0.85 0.04375 0.0375
1 0.52109375 0.525 0.0375 0.05546875
1 0.34375 0.37265625 0.03203125 0.04921875
1 0.10625 0.93671875 0.0359375 0.02265625
1 0.63984375 0.6796875 0.059375 0.03359375
1 0.31484375 0.703125 0.0546875 0.034375
1 0.653125 0.89921875 0.0375 0.04296875
1 0.01953125 0.95625 0.03203125 0.0296875
1 0.15390625 0.98046875 0.02265625 0.03203125
1 0.04765625 0.8875 0.03046875 0.03046875
1 0.5671875 0.36953125 0.04296875 0.03359375
1 0.59453125 0.80078125 0.0328125 0.0375
1 0.0078125 0.53671875 0.01484375 0.0296875
1 0.35859375 0.92890625 0.0640625 0.0640625
1 0.11875 0.7109375 0.04296875 0.08203125
1 0.7484375 0.8859375 0.0390625 0.0609375
1 0.88359375 0.934375 0.0296875 0.071875
1 0.98671875 0.9484375 0.0265625 0.0625