1 0.89296875 0.15546875 0.04921875 0.03125
1 0.9578125 0.4484375 0.03125 0.05703125
1 0.6328125 0.48203125 0.046875 0.03125
1 0.80234375 0.4546875 0.028125 0.0546875
1 0.57890625 0.528125 0.03046875 0.0453125
1 0.9671875 0.22421875 0.04609375 0.03828125
1 0.025 0.2015625 0.0453125 0.0234375
1 0.14609375 0.77890625 0.034375 0.05078125
1 0.52109375 0.84140625 0.04921875 0.0578125
1 0.965625 0.7296875 0.06171875 0.0328125
1 0.63984375 0.6453125 0.05625 0.0296875
1 0.41640625 0.4703125 0.0328125 0.08046875
1 0.8 0.5859375 0.03984375 0.046875
1 0.44375 0.63671875 0.0328125 0.03125
1 0.61171875 0.3234375 0.04296875 0.04453125
1 0.2515625 0.715625 0.08359375 0.0296875
1 0.3296875 0.82109375 0.0390625 0.0671875
1 0.13125 0.8921875 0.053125 0.05
1 0.81484375 0.93515625 0.0546875 0.02578125
1 0.02578125 0.14375 0.0515625 0.0765625
1 0.55234375 0.365625 0.0625 0.03125
1 0.58671875 0.74296875 0.06328125 0.03203125
1 0.84453125 0.2265625 0.034375 0.04453125
1 0.62578125 0.078125 0.05859375 0.04296875
1 0.53828125 0.15625 0.07421875 0.0484375
1 0.46640625 0.97265625 0.05546875 0.053125