1 0.87890625 0.134375 0.04921875 0.05078125
1 0.634375 0.70703125 0.03359375 0.05390625
1 0.51875 0.3140625 0.0640625 0.034375
0 0.1421875 0.365625 0.08984375 0.1515625
1 0.65234375 0.815625 0.034375 0.0484375
1 0.784375 0.50234375 0.0359375 0.06328125
1 0.56171875 0.1921875 0.0390625 0.03828125
1 0.5046875 0.5140625 0.025 0.05703125
1 0.24140625 0.05390625 0.0609375 0.03671875
1 0.2453125 0.70078125 0.0390625 0.04296875
1 0.02890625 0.6640625 0.02734375 0.04453125
1 0.0078125 0.5234375 0.015625 0.04375
1 0.415625 0.6375 0.0296875 0.06953125
1 0.9671875 0.41484375 0.02890625 0.053125
1 0.39453125 0.92421875 0.0328125 0.0515625
1 0.13671875 0.8703125 0.06875 0.03359375
1 0.98125 0.5890625 0.0375 0.0296875
1 0.03125 0.96875 0.0515625 0.02890625
1 0.97578125 0.78203125 0.04453125 0.0265625
1 0.71953125 0.11640625 0.04765625 0.04765625
1 0.93515625 0.8171875 0.05546875 0.03203125
1 0.2625 0.340625 0.034375 0.0359375
1 0.33828125 0.60625 0.03125 0.0328125
1 0.95546875 0.93515625 0.040625 0.07421875
1 0.87734375 0.96953125 0.0890625 0.0421875
1 0.11953125 0.58828125 0.059375 0.08125