1 0.18046875 0.2046875 0.0453125 0.03984375
1 0.37578125 0.7015625 0.0421875 0.0578125
1 0.17890625 0.49921875 0.0390625 0.0609375
1 0.15546875 0.90390625 0.02890625 0.0515625
1 0.96953125 0.94140625 0.06015625 0.03125
1 0.25703125 0.32578125 0.0609375 0.03671875
1 0.0671875 0.40859375 0.0328125 0.05546875
1 0.86875 0.796875 0.03828125 0.05390625
1 0.94375 0.22265625 0.05625 0.034375
1 0.1421875 0.0265625 0.03203125 0.053125
1 0.53359375 0.98515625 0.025 0.0265625
1 0.49453125 0.41875 0.05078125 0.0390625
1 0.38671875 0.58984375 0.04140625 0.04765625
1 0.9125 0.01640625 0.0546875 0.02890625
1 0.4140625 0.1171875 0.03828125 0.0609375
1 0.4875 0.32890625 0.02734375 0.059375
1 0.6703125 0.0828125 0.0359375 0.0296875
1 0.98671875 0.675 0.02265625 0.028125
1 0.7203125 0.19765625 0.03203125 0.04140625