1 0.20546875 0.75625 0.04765625 0.0296875
1 0.55 0.86171875 0.02890625 0.0546875
1 0.34609375 0.35546875 0.03125 0.05703125
1 0.81484375 0.03671875 0.03671875 0.05859375
1 0.5359375 0.3296875 0.065625 0.0390625
1 0.31484375 0.01640625 0.03359375 0.03203125
1 0.37578125 0.790625 0.06015625 0.04375
1 0.7578125 0.690625 0.053125 0.034375
1 0.46953125 0.153125 0.03125 0.05546875
1 0.603125 0.6875 0.02734375 0.05078125
1 0.24921875 0.9796875 0.0375 0.0390625
1 0.2078125 0.59453125 0.03046875 0.0625
1 0.56484375 0.01484375 0.0296875 0.02734375
1 0.690625 0.92421875 0.0515625 0.06171875
1 0.0828125 0.5140625 0.028125 0.06171875
1 0.021875 0.85390625 0.04140625 0.0671875
1 0.978125 0.4609375 0.0421875 0.07421875
1 0.971875 0.825 0.05546875 0.05859375
1 0.1640625 0.309375 0.021875 0.06171875