1 0.11484375 0.04140625 0.0515625 0.05078125
1 0.54609375 0.21640625 0.0328125 0.05
1 0.55625 0.34453125 0.03359375 0.0609375
1 0.46171875 0.12578125 0.0421875 0.0515625
1 0.35625 0.2828125 0.05 0.0484375
1 0.65546875 0.76015625 0.0578125 0.03671875
1 0.61484375 0.62109375 0.0578125 0.0328125
1 0.73984375 0.71640625 0.0625 0.034375
1 0.92421875 0.89296875 0.07734375 0.04140625
1 0.97265625 0.5859375 0.05234375 0.03125
1 0.934375 0.11484375 0.0578125 0.0328125
1 0.36015625 0.60234375 0.05234375 0.04140625
1 0.47109375 0.4796875 0.05546875 0.0453125
1 0.12734375 0.21640625 0.05078125 0.04453125
1 0.24921875 0.92421875 0.03515625 0.06640625
1 0.88125 0.66875 0.040625 0.05078125
1 0.15390625 0.503125 0.059375 0.04140625
1 0.08828125 0.37265625 0.06484375 0.03359375
1 0.63671875 0.515625 0.05390625 0.0484375
1 0.8046875 0.521875 0.03671875 0.05625
1 0.49765625 0.8578125 0.06171875 0.03203125
1 0.3703125 0.71484375 0.05390625 0.04609375
1 0.95703125 0.06171875 0.0609375 0.03203125
1 0.50390625 0.71171875 0.04296875 0.05703125
1 0.2015625 0.68515625 0.03359375 0.05546875
1 0.8828125 0.00546875 0.046875 0.0109375
1 0.79765625 0.4546875 0.0765625 0.0734375
1 0.07265625 0.821875 0.0578125 0.05703125
0 0.93515625 0.27109375 0.09140625 0.090625