1 0.36875 0.75859375 0.05 0.05234375
1 0.39375 0.11328125 0.04140625 0.04921875
1 0.8140625 0.64609375 0.05703125 0.05390625
1 0.46328125 0.3984375 0.0453125 0.0640625
1 0.7015625 0.08203125 0.0359375 0.06953125
1 0.55234375 0.75078125 0.065625 0.0359375
1 0.6765625 0.53125 0.0578125 0.03359375
1 0.25859375 0.57578125 0.053125 0.0328125
1 0.05078125 0.5296875 0.0546875 0.03125
1 0.67109375 0.59140625 0.053125 0.04921875
1 0.24921875 0.0359375 0.03046875 0.05
1 0.9671875 0.5234375 0.04140625 0.0515625
1 0.03125 0.0328125 0.02421875 0.04765625
1 0.25234375 0.44453125 0.04296875 0.03359375
1 0.9046875 0.1390625 0.03984375 0.0453125
1 0.1546875 0.1359375 0.04609375 0.078125
1 0.234375 0.0796875 0.07578125 0.07421875