1 0.5453125 0.47734375 0.0296875 0.0515625
1 0.18359375 0.46171875 0.065625 0.03203125
1 0.37421875 0.98125 0.0359375 0.0359375
1 0.09296875 0.33046875 0.06015625 0.028125
1 0.0828125 0.92265625 0.05546875 0.03125
1 0.69375 0.30234375 0.0296875 0.06171875
1 0.9109375 0.39140625 0.06015625 0.03125
1 0.2640625 0.3484375 0.0546875 0.03046875
1 0.21796875 0.64375 0.05 0.03125
1 0.6484375 0.55859375 0.0703125 0.05078125
1 0.83515625 0.8203125 0.103125 0.07421875
1 0.3421875 0.80859375 0.0859375 0.05859375
1 0.0609375 0.14453125 0.0546875 0.08984375