1 0.22265625 0.56953125 0.0265625 0.0484375
1 0.03828125 0.271875 0.03671875 0.0453125
1 0.96171875 0.2734375 0.02890625 0.0546875
1 0.18828125 0.11328125 0.0546875 0.0296875
1 0.0765625 0.49609375 0.05390625 0.0359375
1 0.33203125 0.721875 0.04453125 0.03046875
1 0.3296875 0.14921875 0.0453125 0.04765625
1 0.6125 0.36015625 0.02421875 0.0453125
1 0.55078125 0.046875 0.0546875 0.02578125
1 0.5515625 0.26171875 0.0328125 0.03984375
1 0.57578125 0.96171875 0.04375 0.03671875
1 0.9875 0.84921875 0.021875 0.0421875
1 0.17890625 0.28828125 0.07578125 0.0375
1 0.34296875 0.46484375 0.0265625 0.04140625
1 0.45078125 0.81796875 0.05625 0.03203125
1 0.5890625 0.47265625 0.025 0.0484375
1 0.746875 0.26875 0.040625 0.0328125
1 0.6515625 0.95859375 0.03125 0.04375
1 0.609375 0.20703125 0.0625 0.046875
1 0.409375 0.284375 0.0359375 0.0765625
1 0.2421875 0.98125 0.04296875 0.03671875