1 0.10234375 0.8671875 0.04921875 0.04609375
1 0.634375 0.2421875 0.0375 0.0484375
1 0.5421875 0.05234375 0.04140625 0.05
1 0.328125 0.11328125 0.04921875 0.04296875
1 0.20390625 0.48515625 0.0546875 0.03203125
1 0.01953125 0.36328125 0.03203125 0.03515625
1 0.42109375 0.6640625 0.0296875 0.0515625
1 0.97890625 0.85078125 0.0296875 0.06171875
1 0.7296875 0.75390625 0.0453125 0.0390625
1 0.8 0.128125 0.065625 0.059375
1 0.565625 0.48359375 0.05546875 0.03359375
1 0.88671875 0.73515625 0.07109375 0.03125
1 0.8046875 0.24765625 0.03984375 0.0765625
1 0.37890625 0.9109375 0.06640625 0.0421875
1 0.20546875 0.23828125 0.0765625 0.053125
1 0.31640625 0.0046875 0.0453125 0.009375
1 0.8046875 0.49765625 0.0359375 0.065625
1 0.50078125 0.1453125 0.0859375 0.046875
1 0.08828125 0.65703125 0.0671875 0.0328125