1 0.56796875 0.2015625 0.0296875 0.0578125
1 0.63203125 0.653125 0.05078125 0.034375
1 0.4328125 0.3640625 0.04453125 0.040625
1 0.2203125 0.03125 0.0609375 0.028125
1 0.41171875 0.74765625 0.06796875 0.03515625
1 0.53359375 0.00703125 0.053125 0.0140625
1 0.35859375 0.09375 0.065625 0.0359375
1 0.3203125 0.4921875 0.05 0.0328125
1 0.06484375 0.9296875 0.0546875 0.02734375
1 0.81640625 0.18203125 0.03671875 0.05546875
1 0.9796875 0.58515625 0.03046875 0.0421875
1 0.00859375 0.55078125 0.0171875 0.04921875
1 0.86328125 0.9625 0.0484375 0.04453125
1 0.184375 0.759375 0.02578125 0.0375
1 0.61015625 0.3015625 0.0359375 0.075
1 0.725 0.528125 0.05390625 0.03828125
1 0.7859375 0.41875 0.0578125 0.0546875
1 0.85234375 0.4 0.0734375 0.0703125
1 0.815625 0.84765625 0.0625 0.059375
1 0.1265625 0.5828125 0.07890625 0.0421875
1 0.1921875 0.296875 0.07109375 0.0328125
1 0.72421875 0.0640625 0.0671875 0.05625
1 0.978125 0.3109375 0.04375 0.059375