1 0.278125 0.5140625 0.03125 0.05859375
1 0.76640625 0.21484375 0.05625 0.0390625
1 0.7953125 0.03828125 0.0578125 0.03203125
1 0.22265625 0.73203125 0.06015625 0.034375
1 0.9671875 0.1359375 0.03125 0.05625
1 0.01875 0.38203125 0.034375 0.034375
1 0.2125 0.07578125 0.04375 0.04375
1 0.3734375 0.71328125 0.02734375 0.0578125
1 0.715625 0.75234375 0.0390625 0.0484375
1 0.30234375 0.3171875 0.028125 0.04921875
1 0.96640625 0.54296875 0.04921875 0.0359375
1 0.64609375 0.81484375 0.04140625 0.0484375
1 0.18671875 0.8828125 0.03828125 0.028125
1 0.6984375 0.5140625 0.0390625 0.04921875
1 0.37890625 0.94375 0.0296875 0.0625
1 0.98046875 0.8125 0.03125 0.040625
1 0.56328125 0.97421875 0.03125 0.040625
1 0.14453125 0.63125 0.02578125 0.075
1 0.11796875 0.29296875 0.078125 0.0390625
1 0.4578125 0.32890625 0.03046875 0.02734375
1 0.63984375 0.04921875 0.0296875 0.028125
1 0.878125 0.878125 0.0328125 0.021875
1 0.8765625 0.46953125 0.03359375 0.03046875