1 0.978125 0.32421875 0.04375 0.0296875
1 0.9015625 0.5078125 0.046875 0.04296875
1 0.80859375 0.76328125 0.0296875 0.0515625
1 0.553125 0.19609375 0.0296875 0.05546875
1 0.65625 0.6296875 0.046875 0.0421875
1 0.5171875 0.93359375 0.02890625 0.053125
1 0.9515625 0.90859375 0.07421875 0.0453125
1 0.8609375 0.16015625 0.0515625 0.03515625
1 0.484375 0.75078125 0.05234375 0.028125
1 0.7640625 0.5265625 0.03203125 0.05
1 0.25703125 0.96015625 0.04375 0.02734375
1 0.3046875 0.7265625 0.05 0.0625
1 0.11796875 0.82578125 0.0828125 0.0515625
1 0.22578125 0.35546875 0.0765625 0.0671875
1 0.778125 0.34921875 0.053125 0.0828125
1 0.9890625 0.69921875 0.021875 0.0765625