1 0.78203125 0.28046875 0.0375 0.05625
1 0.90546875 0.8609375 0.05234375 0.0453125
1 0.390625 0.55078125 0.0515625 0.034375
1 0.4671875 0.77890625 0.0546875 0.040625
1 0.29609375 0.3546875 0.05078125 0.0484375
1 0.84375 0.07734375 0.03125 0.06328125
1 0.49453125 0.82578125 0.03203125 0.06015625
1 0.85546875 0.52890625 0.03203125 0.06328125
1 0.21640625 0.80625 0.0609375 0.0359375
1 0.48828125 0.12734375 0.0296875 0.0625
1 0.76484375 0.48125 0.0421875 0.046875
1 0.9890625 0.53671875 0.01953125 0.0421875
1 0.11484375 0.146875 0.0515625 0.03828125
1 0.54375 0.36328125 0.03359375 0.0671875
1 0.7921875 0.98046875 0.0421875 0.03125