1 0.3828125 0.16640625 0.0296875 0.0640625
1 0.921875 0.96796875 0.028125 0.05703125
1 0.02421875 0.1515625 0.04140625 0.028125
1 0.240625 0.44453125 0.07109375 0.03125
1 0.109375 0.965625 0.046875 0.0375
1 0.63984375 0.0890625 0.071875 0.06015625
1 0.7453125 0.140625 0.0875 0.06640625
1 0.66015625 0.8078125 0.08984375 0.05625
1 0.48828125 0.78828125 0.08203125 0.084375
1 0.19453125 0.33984375 0.0328125 0.078125
1 0.12890625 0.33515625 0.05078125 0.0640625
1 0.03046875 0.4046875 0.05625 0.05859375
1 0.2546875 0.1953125 0.0609375 0.08203125
1 0.61875 0.3640625 0.05078125 0.0796875
1 0.759375 0.3171875 0.07421875 0.0609375