1 0.178125 0.784375 0.06015625 0.03203125
1 0.2921875 0.55546875 0.03359375 0.025
1 0.36328125 0.67890625 0.0453125 0.021875
1 0.5265625 0.5234375 0.05546875 0.07265625
1 0.65 0.5984375 0.0640625 0.0765625
1 0.47734375 0.79140625 0.10390625 0.0546875
1 0.51015625 0.35390625 0.10234375 0.03359375
1 0.18828125 0.1875 0.109375 0.0421875
1 0.02421875 0.1765625 0.046875 0.078125
1 0.9125 0.23125 0.0984375 0.03125
1 0.50625 0.08671875 0.096875 0.0375
1 0.7265625 0.3078125 0.0875 0.0515625
1 0.08671875 0.95625 0.09140625 0.0546875