1 0.26640625 0.90546875 0.0390625 0.05859375
1 0.45703125 0.56328125 0.03203125 0.0578125
1 0.3765625 0.64765625 0.03125 0.05
1 0.94765625 0.52734375 0.03125 0.06015625
1 0.51875 0.66328125 0.03671875 0.05
1 0.24765625 0.265625 0.04921875 0.03671875
1 0.25546875 0.33046875 0.05546875 0.028125
1 0.9609375 0.1765625 0.05 0.04296875
1 0.0875 0.26484375 0.05703125 0.03515625
1 0.74765625 0.24765625 0.06328125 0.02890625
1 0.71953125 0.89609375 0.0328125 0.06015625
1 0.0859375 0.5921875 0.053125 0.0296875
1 0.16640625 0.97734375 0.02109375 0.0421875
1 0.14921875 0.04140625 0.05234375 0.04453125
1 0.44453125 0.1703125 0.05390625 0.0390625
1 0.3671875 0.43671875 0.02265625 0.040625
1 0.253125 0.53125 0.03203125 0.05078125
1 0.925 0.63046875 0.06328125 0.03203125
1 0.62109375 0.7546875 0.025 0.05234375
1 0.45859375 0.00703125 0.05078125 0.0140625
1 0.878125 0.07265625 0.025 0.053125
1 0.39609375 0.9890625 0.025 0.0203125
1 0.7546875 0.38046875 0.0328125 0.06796875
1 0.93125 0.3390625 0.07734375 0.03515625
1 0.68671875 0.1140625 0.0765625 0.03046875
1 0.18125 0.86171875 0.05 0.028125
1 0.60390625 0.15078125 0.03125 0.0765625
1 0.4109375 0.0921875 0.0609375 0.0453125
1 0.23515625 0.140625 0.03671875 0.065625
1 0.675 0.4875 0.059375 0.0625