1 0.6046875 0.1671875 0.07109375 0.059375
1 0.2515625 0.1421875 0.07421875 0.05703125
1 0.13984375 0.26484375 0.0734375 0.06875
1 0.0421875 0.34609375 0.06796875 0.05
1 0.3359375 0.5203125 0.08203125 0.05
1 0.32265625 0.75078125 0.06015625 0.05234375
1 0.4640625 0.92578125 0.07890625 0.05234375
1 0.96171875 0.88515625 0.05390625 0.09140625
1 0.71171875 0.9375 0.06953125 0.04453125
1 0.7140625 0.3515625 0.0609375 0.0375
1 0.78828125 0.16015625 0.0453125 0.06171875
1 0.734375 0.25703125 0.05390625 0.0578125