1 0.43515625 0.88203125 0.046875 0.0453125
1 0.72890625 0.54765625 0.04921875 0.0515625
1 0.5078125 0.71640625 0.0546875 0.03671875
1 0.646875 0.3734375 0.03125 0.059375
1 0.9109375 0.653125 0.03828125 0.05625
1 0.084375 0.57109375 0.04375 0.03515625
1 0.24765625 0.5 0.05859375 0.0375
1 0.05625 0.9015625 0.02578125 0.053125
1 0.27734375 0.24921875 0.04453125 0.03671875
1 0.23671875 0.27734375 0.04453125 0.040625
1 0.603125 0.30546875 0.0375 0.0609375
1 0.55390625 0.9125 0.06015625 0.03515625
1 0.48359375 0.01015625 0.0609375 0.0203125
1 0.16953125 0.7484375 0.02890625 0.03828125
1 0.453125 0.540625 0.02890625 0.06953125
1 0.078125 0.61796875 0.034375 0.03046875
0 0.4703125 0.3453125 0.0796875 0.15
1 0.86875 0.7140625 0.0828125 0.02890625
1 0.44453125 0.75078125 0.03046875 0.07734375
1 0.32890625 0.68125 0.02578125 0.06484375
1 0.0203125 0.37421875 0.03359375 0.05625
1 0.16640625 0.97109375 0.04375 0.053125