1 0.93046875 0.8015625 0.04453125 0.07265625
1 0.296875 0.021875 0.0375 0.03984375
1 0.971875 0.178125 0.05625 0.04375
1 0.40234375 0.03671875 0.03515625 0.06640625
1 0.0859375 0.6796875 0.04765625 0.06171875
1 0.65390625 0.73828125 0.06015625 0.06015625
1 0.33984375 0.421875 0.0484375 0.109375
1 0.1078125 0.375 0.03359375 0.1171875
1 0.17421875 0.759375 0.03828125 0.1234375
1 0.3671875 0.90390625 0.0515625 0.11015625
1 0.83359375 0.9578125 0.06953125 0.08359375
1 0.85078125 0.4421875 0.071875 0.0515625
1 0.0390625 0.11171875 0.07421875 0.06953125