1 0.65390625 0.8203125 0.05625 0.03984375
1 0.5953125 0.37734375 0.0625 0.03828125
1 0.39375 0.5671875 0.0375 0.04765625
1 0.8640625 0.165625 0.04453125 0.0453125
1 0.73203125 0.425 0.05625 0.03828125
1 0.19296875 0.05859375 0.03125 0.06796875
1 0.60703125 0.103125 0.046875 0.0390625
1 0.815625 0.9734375 0.04140625 0.05234375
1 0.5046875 0.27421875 0.06171875 0.03203125
1 0.740625 0.7109375 0.0328125 0.05546875
1 0.46796875 0.01640625 0.03984375 0.0328125
1 0.72734375 0.96796875 0.02734375 0.05078125
1 0.5421875 0.65859375 0.06875 0.03203125
1 0.8375 0.83203125 0.03203125 0.03515625
1 0.134375 0.10234375 0.0515625 0.05234375
1 0.740625 0.09140625 0.046875 0.04296875
1 0.2109375 0.90546875 0.05703125 0.04296875
1 0.16953125 0.7796875 0.0703125 0.034375
0 0.10390625 0.89609375 0.08359375 0.13984375
1 0.31640625 0.3234375 0.04296875 0.0453125
1 0.36875 0.7140625 0.053125 0.028125
1 0.35859375 0.52890625 0.0671875 0.0625
0 0.39453125 0.84921875 0.18046875 0.084375
1 0.303125 0.35703125 0.06875 0.04296875
1 0.51640625 0.76796875 0.03984375 0.040625