1 0.4671875 0.1296875 0.0484375 0.0515625
1 0.74453125 0.64140625 0.04609375 0.06015625
1 0.51171875 0.27890625 0.03671875 0.046875
1 0.58046875 0.5015625 0.03359375 0.06484375
1 0.71796875 0.06875 0.06171875 0.03359375
1 0.95703125 0.0359375 0.03203125 0.06015625
1 0.83359375 0.58359375 0.03125 0.059375
1 0.8546875 0.040625 0.0328125 0.06484375
1 0.02265625 0.678125 0.04296875 0.03203125
1 0.4890625 0.85 0.05078125 0.05390625
1 0.875 0.3796875 0.0625 0.0328125
1 0.21328125 0.8078125 0.0359375 0.05234375
1 0.40859375 0.71328125 0.053125 0.0421875
1 0.065625 0.51953125 0.0578125 0.0375
1 0.1875 0.29609375 0.0625 0.028125
1 0.615625 0.7078125 0.05546875 0.03984375
1 0.97734375 0.22578125 0.04453125 0.03828125
1 0.71484375 0.48671875 0.03515625 0.06484375
1 0.24921875 0.98046875 0.03671875 0.0390625
1 0.8 0.8890625 0.0359375 0.0703125
1 0.8265625 0.2625 0.04296875 0.05703125
1 0.475 0.70078125 0.04765625 0.0578125
1 0.415625 0.91328125 0.06015625 0.040625
1 0.9046875 0.75625 0.05 0.04765625
1 0.665625 0.03828125 0.0375 0.0578125
1 0.6515625 0.334375 0.0375 0.05546875
1 0.36484375 0.16640625 0.0296875 0.06875
1 0.98671875 0.94296875 0.0234375 0.05546875