1 0.3203125 0.1484375 0.0296875 0.053125
1 0.32578125 0.38125 0.028125 0.053125
1 0.9640625 0.246875 0.05703125 0.03203125
1 0.51953125 0.471875 0.06328125 0.04140625
1 0.678125 0.0828125 0.03359375 0.05625
1 0.14453125 0.75625 0.028125 0.05625
1 0.60703125 0.8578125 0.05703125 0.03359375
1 0.7375 0.9828125 0.0671875 0.03046875
1 0.75234375 0.52890625 0.0609375 0.034375
1 0.109375 0.496875 0.06796875 0.0328125
1 0.29296875 0.92421875 0.0359375 0.0578125
1 0.34765625 0.0421875 0.05078125 0.034375
1 0.6828125 0.22734375 0.05546875 0.0328125
1 0.95546875 0.56796875 0.05 0.0765625
1 0.77734375 0.35 0.07421875 0.05
1 0.296875 0.21015625 0.08203125 0.06796875
1 0.2359375 0.92578125 0.0796875 0.0453125
1 0.73828125 0.62578125 0.07265625 0.046875
1 0.53515625 0.61640625 0.02734375 0.0453125
1 0.85078125 0.534375 0.0484375 0.0890625