1 0.0421875 0.25703125 0.046875 0.03203125
1 0.04453125 0.06953125 0.059375 0.0296875
1 0.14140625 0.01875 0.05078125 0.03125
1 0.4296875 0.45625 0.03671875 0.04375
1 0.7953125 0.47578125 0.0625 0.03046875
1 0.14453125 0.359375 0.03203125 0.05
1 0.40625 0.91484375 0.03046875 0.05703125
0 0.1125 0.5015625 0.07421875 0.09453125
1 0.57734375 0.53828125 0.02890625 0.05078125
1 0.4703125 0.63046875 0.040625 0.0375
1 0.60625 0.325 0.02734375 0.0484375
1 0.44140625 0.02890625 0.03828125 0.04296875
1 0.246875 0.18828125 0.03203125 0.046875
1 0.21953125 0.83203125 0.04375 0.03203125
1 0.7109375 0.93671875 0.0234375 0.05546875
1 0.24375 0.52109375 0.03125 0.0453125
1 0.7390625 0.653125 0.046875 0.03125
1 0.1671875 0.64453125 0.03125 0.0296875
1 0.203125 0.97890625 0.03203125 0.03671875
1 0.784375 0.8546875 0.06171875 0.04140625