1 0.27109375 0.35859375 0.03125 0.065625
1 0.225 0.09453125 0.0609375 0.0421875
1 0.49375 0.76640625 0.03046875 0.0546875
1 0.378125 0.5328125 0.04375 0.05234375
1 0.31875 0.04375 0.05390625 0.0375
1 0.6953125 0.7 0.02890625 0.0640625
1 0.61015625 0.475 0.03984375 0.05390625
1 0.6734375 0.9140625 0.03515625 0.06484375
1 0.88359375 0.56171875 0.03828125 0.0609375
1 0.084375 0.95703125 0.0578125 0.0296875
1 0.03671875 0.35703125 0.03828125 0.053125
1 0.59921875 0.7796875 0.03984375 0.05859375
1 0.28359375 0.61015625 0.03515625 0.05625
1 0.31484375 0.81796875 0.04296875 0.06953125