1 0.1890625 0.8296875 0.05625 0.0296875
1 0.81171875 0.91953125 0.053125 0.0296875
1 0.55078125 0.33515625 0.05625 0.0296875
1 0.10625 0.7921875 0.0265625 0.053125
1 0.084375 0.328125 0.0484375 0.0296875
1 0.43203125 0.83671875 0.02421875 0.0453125
1 0.48359375 0.5828125 0.05390625 0.0296875
1 0.14609375 0.9140625 0.05546875 0.03203125
1 0.27421875 0.5078125 0.0390625 0.040625
1 0.79140625 0.1421875 0.059375 0.03125
1 0.21796875 0.6859375 0.0296875 0.0375
1 0.040625 0.5234375 0.02890625 0.04765625
1 0.37421875 0.3375 0.02890625 0.04453125
1 0.15390625 0.41484375 0.04375 0.0390625
1 0.33984375 0.94453125 0.0359375 0.0375
1 0.0515625 0.21328125 0.05390625 0.02734375
1 0.9875 0.79609375 0.021875 0.0390625
1 0.8546875 0.37578125 0.03515625 0.03359375
1 0.03828125 0.98828125 0.04453125 0.0203125
1 0.71875 0.2125 0.0625 0.0296875
1 0.96796875 0.01484375 0.0265625 0.0296875
0 0.95 0.24609375 0.07578125 0.09765625
1 0.48359375 0.19765625 0.05390625 0.04453125
1 0.490625 0.15859375 0.075 0.0390625
1 0.3015625 0.60078125 0.03828125 0.06875
1 0.184375 0.5640625 0.06484375 0.03515625