1 0.5453125 0.12734375 0.046875 0.046875
1 0.934375 0.19453125 0.05 0.040625
1 0.11953125 0.34765625 0.04453125 0.040625
1 0.73671875 0.63046875 0.04921875 0.03125
1 0.4921875 0.334375 0.034375 0.0578125
1 0.51015625 0.41875 0.0421875 0.03359375
1 0.5953125 0.78125 0.05078125 0.03671875
1 0.0625 0.63359375 0.02890625 0.05
1 0.6859375 0.15234375 0.03046875 0.06484375
1 0.20390625 0.5328125 0.05625 0.0359375
1 0.74140625 0.803125 0.05234375 0.02421875
1 0.26796875 0.02265625 0.0296875 0.03515625
1 0.6765625 0.93203125 0.05078125 0.028125
1 0.38515625 0.1328125 0.06484375 0.03984375
1 0.83984375 0.4890625 0.0515625 0.059375
1 0.93359375 0.665625 0.06796875 0.04921875
1 0.846875 0.8 0.03515625 0.0734375
1 0.80625 0.90546875 0.0640625 0.0453125
1 0.89453125 0.98515625 0.06796875 0.028125
1 0.43984375 0.77421875 0.059375 0.0515625
1 0.375 0.8265625 0.0484375 0.0546875
1 0.56640625 0.88828125 0.0578125 0.0546875