1 0.83125 0.21796875 0.04375 0.0296875
1 0.34609375 0.925 0.05546875 0.03046875
1 0.0328125 0.37265625 0.04921875 0.03359375
1 0.72734375 0.78828125 0.0375 0.05703125
1 0.2609375 0.8359375 0.03671875 0.0546875
1 0.621875 0.9328125 0.053125 0.0453125
1 0.17890625 0.565625 0.059375 0.034375
1 0.43984375 0.57578125 0.02890625 0.05
1 0.0609375 0.61875 0.03125 0.0625
1 0.7875 0.05859375 0.05859375 0.0296875
1 0.028125 0.14140625 0.03515625 0.0640625
1 0.95859375 0.28359375 0.05625 0.0328125
1 0.91015625 0.48203125 0.02578125 0.03203125
1 0.25546875 0.18359375 0.059375 0.0296875
1 0.3671875 0.3171875 0.03984375 0.0390625
1 0.7796875 0.0046875 0.0421875 0.009375
1 0.7421875 0.3609375 0.06796875 0.10078125
1 0.84375 0.584375 0.04140625 0.09921875
1 0.1109375 0.83125 0.05234375 0.08359375
1 0.33125 0.16328125 0.05546875 0.06953125