1 0.115625 0.44140625 0.06953125 0.03828125
1 0.9015625 0.115625 0.05 0.04609375
1 0.571875 0.7984375 0.0609375 0.0296875
1 0.0328125 0.25234375 0.03125 0.0578125
1 0.6046875 0.98203125 0.025 0.0359375
1 0.35390625 0.7953125 0.04765625 0.03984375
1 0.08984375 0.83046875 0.04296875 0.05703125
1 0.36484375 0.61171875 0.03125 0.05625
1 0.5125 0.409375 0.02890625 0.03515625
1 0.92109375 0.90390625 0.03046875 0.04921875
1 0.80078125 0.36796875 0.065625 0.03125
1 0.43046875 0.128125 0.0703125 0.03671875
1 0.47578125 0.8875 0.06328125 0.0515625
1 0.27734375 0.97734375 0.04140625 0.03984375
1 0.19140625 0.08984375 0.03203125 0.0421875
1 0.96796875 0.953125 0.059375 0.03359375