1 0.271875 0.93203125 0.0578125 0.03203125
1 0.02421875 0.43203125 0.04375 0.0515625
1 0.18671875 0.5828125 0.0328125 0.05859375
1 0.36484375 0.478125 0.06328125 0.028125
1 0.46171875 0.815625 0.04453125 0.04375
1 0.13359375 0.26953125 0.0359375 0.06015625
1 0.37578125 0.29375 0.05234375 0.046875
1 0.44609375 0.9609375 0.06015625 0.03515625
1 0.109375 0.92734375 0.0546875 0.03515625
1 0.22578125 0.8046875 0.059375 0.03515625
1 0.96328125 0.59296875 0.04609375 0.03046875
1 0.1125 0.6828125 0.0609375 0.03203125
1 0.4828125 0.5765625 0.05703125 0.0609375
1 0.61015625 0.653125 0.0375 0.06640625
1 0.071875 0.8734375 0.0421875 0.071875
1 0.9421875 0.4515625 0.0484375 0.06328125
1 0.6296875 0.696875 0.04609375 0.034375
1 0.57734375 0.9734375 0.04296875 0.0484375