1 0.65703125 0.65390625 0.04140625 0.05
1 0.3171875 0.18828125 0.04140625 0.05625
1 0.1171875 0.78984375 0.03515625 0.05546875
1 0.4859375 0.82890625 0.03984375 0.04375
1 0.24921875 0.49296875 0.05703125 0.0296875
1 0.54375 0.46640625 0.040625 0.05
1 0.66484375 0.9109375 0.028125 0.04921875
1 0.8453125 0.0109375 0.02421875 0.021875
1 0.4859375 0.60703125 0.03515625 0.0625
1 0.815625 0.8796875 0.0328125 0.04296875
1 0.740625 0.35625 0.03125 0.05703125
1 0.1859375 0.05 0.02734375 0.05546875
1 0.56171875 0.12890625 0.05390625 0.0609375
1 0.32421875 0.05546875 0.03828125 0.05625
1 0.8640625 0.278125 0.059375 0.06640625