1 0.92578125 0.50234375 0.03671875 0.0546875
1 0.79296875 0.77265625 0.040625 0.05390625
1 0.4078125 0.18046875 0.06796875 0.0375
1 0.2328125 0.20625 0.0359375 0.065625
1 0.60390625 0.7078125 0.046875 0.05546875
1 0.19296875 0.85 0.0296875 0.05546875
1 0.06328125 0.94375 0.065625 0.06640625
1 0.88125 0.66171875 0.059375 0.0359375
1 0.46796875 0.7953125 0.0546875 0.04296875
1 0.2125 0.38046875 0.05546875 0.04375
1 0.6921875 0.8 0.075 0.06953125
1 0.70859375 0.0578125 0.0390625 0.05546875
1 0.89296875 0.27421875 0.05625 0.0328125
1 0.64921875 0.10625 0.05546875 0.04375
1 0.021875 0.7390625 0.04140625 0.040625
1 0.08828125 0.309375 0.0578125 0.04765625
1 0.54140625 0.28359375 0.04765625 0.05234375
1 0.8078125 0.9875 0.046875 0.02265625
1 0.6625 0.41328125 0.0578125 0.0328125
1 0.4265625 0.68046875 0.065625 0.0328125
1 0.3125 0.546875 0.02421875 0.0421875
1 0.35 0.03828125 0.04140625 0.05078125
1 0.1 0.67421875 0.08125 0.03046875
1 0.77890625 0.47421875 0.0828125 0.0515625
1 0.49765625 0.61328125 0.0765625 0.0671875
1 0.2953125 0.3625 0.071875 0.05
1 0.15546875 0.49375 0.0734375 0.0625
1 0.0296875 0.228125 0.053125 0.053125
1 0.3015625 0.7234375 0.040625 0.075
1 0.540625 0.92265625 0.0625 0.0421875
1 0.95 0.240625 0.053125 0.06875