1 0.84140625 0.47890625 0.04765625 0.05078125
1 0.5171875 0.3953125 0.03046875 0.05625
1 0.18203125 0.26953125 0.0625 0.0359375
1 0.0703125 0.0953125 0.05625 0.04140625
1 0.6609375 0.87109375 0.0359375 0.05546875
1 0.68125 0.05234375 0.059375 0.02890625
1 0.53984375 0.6953125 0.05390625 0.03984375
1 0.40546875 0.06015625 0.05390625 0.03203125
1 0.346875 0.8828125 0.0328125 0.05859375
1 0.48359375 0.40703125 0.02890625 0.05078125
1 0.95703125 0.71015625 0.04609375 0.04296875
1 0.37265625 0.98125 0.0421875 0.0359375
1 0.03984375 0.515625 0.06640625 0.03671875
1 0.915625 0.8078125 0.0375 0.0625
1 0.7875 0.846875 0.06015625 0.03125
1 0.20078125 0.01875 0.05546875 0.03515625
1 0.671875 0.30703125 0.04609375 0.07578125
1 0.128125 0.78984375 0.07109375 0.04375
1 0.04765625 0.26484375 0.04765625 0.0640625
1 0.8671875 0.08984375 0.02890625 0.05390625
1 0.70625 0.6296875 0.03125 0.0671875
1 0.46640625 0.14140625 0.05859375 0.0421875
1 0.9296875 0.4765625 0.05 0.034375
1 0.80546875 0.26015625 0.08203125 0.04453125
1 0.11875 0.59609375 0.08125 0.0375