1 0.1015625 0.571875 0.05390625 0.03671875
1 0.82890625 0.79609375 0.04609375 0.04140625
1 0.415625 0.0828125 0.03203125 0.0640625
1 0.74296875 0.85546875 0.0421875 0.04609375
1 0.95390625 0.52421875 0.0578125 0.03359375
1 0.43984375 0.75 0.05390625 0.03125
1 0.60234375 0.82578125 0.03203125 0.059375
1 0.30703125 0.02109375 0.04765625 0.03046875
1 0.903125 0.0578125 0.0484375 0.04296875
1 0.04375 0.009375 0.05546875 0.01875
1 0.2171875 0.85 0.02890625 0.03828125
1 0.953125 0.32265625 0.03515625 0.0375
0 0.56640625 0.4203125 0.11796875 0.1390625
1 0.29609375 0.46796875 0.03359375 0.08046875
1 0.48984375 0.32890625 0.0578125 0.06640625
1 0.71875 0.771875 0.0453125 0.08203125
1 0.92734375 0.928125 0.0453125 0.07890625
1 0.88203125 0.57734375 0.06015625 0.06640625
1 0.71171875 0.4578125 0.04296875 0.06015625
1 0.37265625 0.82578125 0.04375 0.05859375
1 0.03203125 0.66796875 0.05234375 0.065625
0 0.07265625 0.890625 0.11171875 0.16796875