1 0.1921875 0.6625 0.03203125 0.05703125
1 0.73984375 0.3078125 0.0578125 0.0296875
1 0.38984375 0.6375 0.0640625 0.03125
1 0.03515625 0.2734375 0.0234375 0.05625
1 0.2921875 0.42421875 0.02890625 0.05390625
1 0.3828125 0.1 0.02890625 0.06328125
1 0.0859375 0.41171875 0.0484375 0.03671875
1 0.25546875 0.09609375 0.05 0.03671875
1 0.58515625 0.6609375 0.0546875 0.02734375
1 0.3671875 0.02109375 0.04453125 0.03671875
1 0.19609375 0.00546875 0.0296875 0.0109375
1 0.5 0.42109375 0.08984375 0.0375
1 0.4546875 0.2984375 0.07421875 0.0703125
0 0.29609375 0.8078125 0.134375 0.1
1 0.0703125 0.5625 0.05859375 0.0625
1 0.6515625 0.5703125 0.0484375 0.07421875
1 0.6203125 0.9734375 0.084375 0.0328125