1 0.68125 0.89765625 0.04453125 0.05
1 0.24296875 0.265625 0.05078125 0.04609375
1 0.25625 0.04921875 0.05390625 0.03515625
1 0.1921875 0.65625 0.02734375 0.05234375
1 0.8953125 0.11953125 0.05078125 0.02734375
1 0.94765625 0.90703125 0.03828125 0.05
1 0.83046875 0.2234375 0.05390625 0.03125
1 0.74921875 0.65390625 0.05859375 0.03125
1 0.11875 0.9828125 0.05078125 0.0328125
1 0.3765625 0.2640625 0.04140625 0.0359375
1 0.50546875 0.840625 0.034375 0.05234375
1 0.5875 0.68984375 0.05 0.04375
1 0.48203125 0.17734375 0.034375 0.05546875
1 0.99140625 0.22578125 0.01171875 0.053125
1 0.61796875 0.29375 0.08046875 0.05703125
1 0.91171875 0.53359375 0.0703125 0.05