1 0.36796875 0.27734375 0.05078125 0.040625
1 0.79453125 0.47890625 0.0546875 0.0328125
1 0.3625 0.10546875 0.04296875 0.05
1 0.4390625 0.36328125 0.0296875 0.05234375
1 0.54921875 0.00859375 0.05703125 0.0171875
1 0.09609375 0.46171875 0.05078125 0.034375
1 0.17578125 0.215625 0.028125 0.05234375
1 0.78828125 0.35390625 0.05546875 0.03203125
1 0.3140625 0.353125 0.05078125 0.03125
1 0.734375 0.6875 0.04453125 0.034375
1 0.6578125 0.50390625 0.0328125 0.05
1 0.62265625 0.0875 0.0375 0.05078125
1 0.91171875 0.903125 0.0546875 0.046875
1 0.55546875 0.2015625 0.05078125 0.03359375
1 0.48515625 0.540625 0.0703125 0.07890625
1 0.34140625 0.53515625 0.0421875 0.07421875
1 0.26875 0.7 0.10390625 0.06875
1 0.028125 0.06640625 0.04921875 0.05234375