1 0.55546875 0.41171875 0.04921875 0.04765625
1 0.14296875 0.8734375 0.03046875 0.05703125
1 0.25390625 0.63125 0.06171875 0.02890625
1 0.4796875 0.75625 0.06328125 0.03046875
1 0.9421875 0.11875 0.04140625 0.05078125
1 0.07734375 0.684375 0.03203125 0.071875
1 0.2140625 0.4625 0.03671875 0.0453125
1 0.36796875 0.790625 0.0359375 0.05859375
1 0.346875 0.91640625 0.04453125 0.03125
1 0.8921875 0.3296875 0.04765625 0.065625
1 0.88359375 0.8546875 0.0578125 0.04453125
1 0.2296875 0.10234375 0.0671875 0.06015625
1 0.628125 0.68671875 0.0625 0.07578125