1 0.69609375 0.30703125 0.03203125 0.0515625
1 0.70703125 0.8265625 0.03359375 0.04765625
1 0.8921875 0.690625 0.04921875 0.04453125
1 0.8921875 0.534375 0.05703125 0.0296875
1 0.54296875 0.125 0.04765625 0.03671875
1 0.03359375 0.090625 0.04765625 0.0375
1 0.28046875 0.87578125 0.02578125 0.04921875
1 0.79140625 0.6875 0.0484375 0.034375
1 0.8 0.01953125 0.0421875 0.03671875
1 0.440625 0.5234375 0.05546875 0.0390625
1 0.73671875 0.39453125 0.05 0.03515625
1 0.9078125 0.82265625 0.03359375 0.046875
1 0.04140625 0.87421875 0.06015625 0.03125
1 0.42734375 0.1109375 0.05390625 0.03359375
1 0.98125 0.6234375 0.028125 0.05078125
1 0.60625 0.6796875 0.05390625 0.034375
1 0.5015625 0.3953125 0.04921875 0.03046875
1 0.628125 0.4828125 0.03359375 0.0515625
1 0.8640625 0.159375 0.06171875 0.025
1 0.7109375 0.553125 0.0609375 0.02578125
0 0.3234375 0.34296875 0.08984375 0.16640625
1 0.64375 0.02734375 0.04140625 0.02890625
1 0.9703125 0.30390625 0.0484375 0.06484375
1 0.2375 0.2640625 0.04453125 0.04609375
1 0.38125 0.28046875 0.034375 0.0328125
1 0.10625 0.80859375 0.06875 0.0515625
1 0.7671875 0.49453125 0.08125 0.03828125