1 0.8203125 0.6046875 0.05078125 0.04296875
1 0.37578125 0.9421875 0.03984375 0.0578125
1 0.97734375 0.89296875 0.0453125 0.0484375
1 0.97890625 0.15078125 0.02890625 0.04375
1 0.34296875 0.0765625 0.053125 0.04921875
1 0.528125 0.340625 0.0359375 0.06796875
1 0.13125 0.75 0.05546875 0.03984375
1 0.53203125 0.9875 0.04296875 0.02265625
1 0.6671875 0.8359375 0.04765625 0.053125
1 0.65390625 0.16171875 0.0421875 0.05390625
1 0.41015625 0.77578125 0.03125 0.05546875
1 0.5390625 0.67734375 0.02578125 0.05