1 0.475 0.1171875 0.04375 0.04453125
1 0.29140625 0.03359375 0.02890625 0.053125
1 0.83359375 0.4125 0.04609375 0.0453125
1 0.24453125 0.48828125 0.06953125 0.0296875
1 0.1171875 0.37734375 0.06015625 0.028125
1 0.87109375 0.771875 0.0453125 0.05546875
1 0.61953125 0.61015625 0.053125 0.03515625
1 0.128125 0.68359375 0.06640625 0.03359375
1 0.884375 0.61875 0.05078125 0.040625
1 0.76015625 0.321875 0.06171875 0.02890625
1 0.56484375 0.01796875 0.04140625 0.0328125
1 0.04609375 0.49140625 0.053125 0.0328125
1 0.9171875 0.934375 0.0578125 0.0296875
1 0.11875 0.2234375 0.0671875 0.03203125
1 0.759375 0.7453125 0.03046875 0.04609375
1 0.6171875 0.45859375 0.0484375 0.03203125
1 0.74296875 0.84609375 0.053125 0.03046875
1 0.615625 0.178125 0.0546875 0.03046875
1 0.59921875 0.315625 0.0484375 0.04375
1 0.1859375 0.98828125 0.0453125 0.0203125
1 0.015625 0.0875 0.0265625 0.04453125
1 0.75859375 0.5453125 0.03828125 0.06953125
1 0.390625 0.5171875 0.05546875 0.059375
1 0.61953125 0.85078125 0.05234375 0.06953125
1 0.475 0.253125 0.05390625 0.07265625
1 0.33046875 0.27109375 0.03984375 0.059375