1 0.43359375 0.3703125 0.071875 0.03125
1 0.6484375 0.41875 0.09375 0.06875
1 0.25859375 0.66015625 0.1375 0.04453125
1 0.0671875 0.60078125 0.0796875 0.08515625
1 0.34140625 0.81484375 0.084375 0.0828125
1 0.271875 0.27578125 0.0765625 0.075
1 0.1890625 0.21796875 0.090625 0.08515625
1 0.5890625 0.17578125 0.071875 0.0828125
1 0.85 0.1296875 0.1078125 0.05078125
1 0.9234375 0.71796875 0.08828125 0.090625
1 0.890625 0.78125 0.16015625 0.0390625
1 0.7828125 0.8 0.0734375 0.07421875
1 0.753125 0.86796875 0.08515625 0.0578125