1 0.0453125 0.421875 0.05546875 0.02890625
1 0.33125 0.3859375 0.04375 0.0375
1 0.18359375 0.65078125 0.065625 0.03359375
1 0.3671875 0.21875 0.02890625 0.053125
1 0.64140625 0.36171875 0.059375 0.0390625
1 0.32578125 0.96953125 0.04921875 0.03828125
1 0.8640625 0.27421875 0.05 0.0375
1 0.1671875 0.80859375 0.04375 0.03828125
1 0.58671875 0.390625 0.05703125 0.0328125
1 0.771875 0.209375 0.05234375 0.0265625
1 0.8328125 0.77890625 0.040625 0.0375
1 0.92890625 0.946875 0.0515625 0.0328125
1 0.921875 0.678125 0.05078125 0.0296875
1 0.87734375 0.4859375 0.03359375 0.04609375
1 0.3578125 0.73984375 0.053125 0.0375
1 0.3484375 0.46171875 0.03671875 0.08359375
1 0.6703125 0.47421875 0.03828125 0.0796875
0 0.40859375 0.78984375 0.140625 0.14609375
0 0.4953125 0.88203125 0.0953125 0.06953125