1 0.1140625 0.90078125 0.053125 0.03359375
1 0.32890625 0.50703125 0.05234375 0.028125
1 0.62578125 0.4984375 0.046875 0.03046875
1 0.49140625 0.27109375 0.0703125 0.0640625
1 0.171875 0.4609375 0.04140625 0.0328125
1 0.37578125 0.75078125 0.0453125 0.03671875
1 0.5390625 0.165625 0.02734375 0.0484375
1 0.6609375 0.0765625 0.05859375 0.05234375
1 0.6953125 0.35 0.09140625 0.05078125
1 0.77890625 0.4578125 0.05625 0.078125
1 0.9375 0.30859375 0.04296875 0.06953125
1 0.3296875 0.19453125 0.03671875 0.0875
1 0.25703125 0.328125 0.0484375 0.06796875
1 0.2296875 0.671875 0.05078125 0.096875
1 0.57265625 0.82421875 0.0484375 0.08203125
1 0.025 0.36953125 0.04453125 0.090625