1 0.146875 0.7953125 0.03984375 0.04921875
1 0.0796875 0.48125 0.0296875 0.065625
1 0.27421875 0.20546875 0.04921875 0.03125
1 0.11640625 0.03984375 0.02734375 0.04765625
1 0.23515625 0.665625 0.05234375 0.03359375
1 0.365625 0.29921875 0.0609375 0.0375
1 0.0125 0.20625 0.025 0.03046875
1 0.46171875 0.4953125 0.05546875 0.03671875
1 0.12265625 0.72265625 0.05703125 0.0421875
1 0.8734375 0.8890625 0.05859375 0.04375
1 0.74296875 0.91875 0.0515625 0.03515625
1 0.4109375 0.928125 0.03359375 0.06328125
1 0.31796875 0.72734375 0.028125 0.0421875
1 0.5484375 0.140625 0.05 0.065625
1 0.634375 0.328125 0.05 0.075
1 0.8125 0.23671875 0.059375 0.0671875
1 0.57265625 0.56015625 0.0328125 0.0890625