1 0.15703125 0.85390625 0.0390625 0.0609375
1 0.2125 0.9578125 0.04140625 0.0484375
1 0.31328125 0.34453125 0.07109375 0.0421875
1 0.32890625 0.7484375 0.02578125 0.059375
1 0.959375 0.3640625 0.028125 0.053125
1 0.5828125 0.065625 0.028125 0.04921875
1 0.45 0.0875 0.03828125 0.05234375
1 0.48125 0.29921875 0.06171875 0.0375
1 0.01484375 0.60859375 0.02890625 0.04765625
1 0.1578125 0.5125 0.025 0.05
1 0.40703125 0.98125 0.03984375 0.03515625
1 0.81328125 0.51796875 0.02421875 0.0453125
1 0.26015625 0.55703125 0.05 0.06875
1 0.02421875 0.415625 0.040625 0.0609375
1 0.6953125 0.10625 0.05859375 0.04765625
1 0.63671875 0.5203125 0.07734375 0.04375
1 0.7921875 0.89375 0.0453125 0.07265625
1 0.803125 0.30859375 0.06171875 0.0359375
1 0.040625 0.96953125 0.0453125 0.06015625