1 0.74453125 0.73046875 0.05 0.05078125
1 0.28984375 0.13125 0.0515625 0.04140625
1 0.41953125 0.53984375 0.04921875 0.04375
1 0.6703125 0.69765625 0.0515625 0.05234375
1 0.16640625 0.92734375 0.0671875 0.02890625
1 0.94140625 0.73203125 0.05 0.03671875
1 0.3859375 0.76640625 0.04296875 0.0421875
1 0.071875 0.1359375 0.03203125 0.06328125
1 0.8953125 0.9328125 0.025 0.0578125
1 0.11640625 0.5109375 0.059375 0.03984375
1 0.9765625 0.4796875 0.040625 0.05625
1 0.7125 0.09921875 0.0546875 0.03359375
1 0.7109375 0.12265625 0.07421875 0.028125
1 0.06171875 0.6234375 0.03359375 0.04609375
1 0.36953125 0.575 0.04765625 0.025
1 0.71796875 0.9109375 0.0359375 0.08828125
1 0.459375 0.9125 0.04765625 0.04609375
1 0.53125 0.80703125 0.05 0.05078125
1 0.9453125 0.65546875 0.03671875 0.0796875
1 0.2 0.4578125 0.0375 0.08515625
1 0.15546875 0.8640625 0.0796875 0.028125