1 0.784375 0.825 0.046875 0.0609375
1 0.92265625 0.96796875 0.053125 0.05859375
1 0.57734375 0.64453125 0.05 0.05390625
1 0.975 0.3125 0.040625 0.059375
1 0.07734375 0.95859375 0.05390625 0.046875
1 0.28359375 0.4953125 0.06875 0.040625
1 0.68203125 0.06640625 0.028125 0.05703125
1 0.46640625 0.42578125 0.04453125 0.05234375
1 0.490625 0.02578125 0.0375 0.04609375
1 0.3390625 0.22578125 0.0421875 0.06015625
1 0.47734375 0.11328125 0.06796875 0.03515625
1 0.3734375 0.3484375 0.03203125 0.0625
1 0.0390625 0.1296875 0.0546875 0.0421875
1 0.05 0.63828125 0.0328125 0.05859375
1 0.7015625 0.4578125 0.03359375 0.06484375
1 0.20234375 0.921875 0.05859375 0.04140625
1 0.9859375 0.471875 0.02578125 0.06015625
1 0.10390625 0.409375 0.03984375 0.05546875
1 0.18203125 0.73125 0.046875 0.0375
1 0.46328125 0.78828125 0.0296875 0.0671875
1 0.5828125 0.225 0.06171875 0.03125
0 0.62578125 0.9296875 0.2171875 0.09296875
1 0.65625 0.1078125 0.0328125 0.04140625
1 0.9125 0.69140625 0.040625 0.0625
1 0.48984375 0.97578125 0.0453125 0.0484375
1 0.18203125 0.10234375 0.03125 0.059375
1 0.79921875 0.6703125 0.05859375 0.03515625
1 0.1953125 0.26640625 0.06640625 0.05625
1 0.09296875 0.3359375 0.05625 0.08125
1 0.90703125 0.065625 0.05859375 0.07578125