1 0.625 0.16015625 0.03828125 0.05
1 0.6359375 0.365625 0.05 0.04609375
1 0.66484375 0.65234375 0.05234375 0.05234375
1 0.5421875 0.43984375 0.040625 0.06796875
1 0.91171875 0.796875 0.05 0.03203125
1 0.45625 0.6234375 0.03984375 0.0703125
1 0.14921875 0.49375 0.06875 0.03671875
1 0.35625 0.771875 0.0234375 0.03984375
1 0.7921875 0.9109375 0.06796875 0.03203125
1 0.84765625 0.5875 0.03125 0.05
1 0.80390625 0.4375 0.04453125 0.04375
1 0.6734375 0.440625 0.034375 0.07578125
1 0.1328125 0.65 0.046875 0.05
1 0.10234375 0.3171875 0.05859375 0.02734375
1 0.31328125 0.14375 0.0328125 0.04921875
1 0.1265625 0.7265625 0.05078125 0.07578125
1 0.28828125 0.4109375 0.02890625 0.065625
1 0.53359375 0.27578125 0.08125 0.07265625
1 0.83203125 0.1484375 0.08203125 0.034375
1 0.52421875 0.096875 0.04765625 0.07265625