1 0.36953125 0.03125 0.0421875 0.02421875
1 0.52265625 0.32109375 0.0328125 0.0515625
1 0.58515625 0.7109375 0.0265625 0.04296875
1 0.253125 0.1484375 0.05625 0.02890625
1 0.6328125 0.44609375 0.05234375 0.03046875
1 0.2640625 0.2828125 0.0375 0.0390625
1 0.7703125 0.0484375 0.0484375 0.0390625
1 0.4453125 0.4734375 0.0328125 0.04921875
1 0.275 0.428125 0.05390625 0.02890625
1 0.72265625 0.73671875 0.03828125 0.03203125
1 0.84609375 0.13984375 0.05390625 0.03203125
1 0.7578125 0.3859375 0.04453125 0.04140625
1 0.6359375 0.3125 0.0390625 0.02734375
1 0.91484375 0.8265625 0.05078125 0.025
1 0.39765625 0.24375 0.03984375 0.040625
1 0.1640625 0.04921875 0.06484375 0.02578125
1 0.9609375 0.26328125 0.046875 0.025
1 0.65546875 0.15 0.03515625 0.0234375
1 0.26953125 0.690625 0.05703125 0.0296875