1 0.14375 0.85234375 0.0328125 0.04140625
1 0.5640625 0.396875 0.0609375 0.028125
1 0.25390625 0.98984375 0.05078125 0.01875
1 0.84609375 0.08984375 0.065625 0.0359375
1 0.89140625 0.340625 0.04765625 0.04765625
1 0.73203125 0.3125 0.04609375 0.05234375
1 0.69140625 0.7296875 0.0296875 0.04453125
1 0.540625 0.85859375 0.02421875 0.034375
1 0.475 0.684375 0.0265625 0.04453125
1 0.871875 0.80078125 0.0515625 0.040625
1 0.23046875 0.4671875 0.0546875 0.0859375
1 0.77734375 0.6 0.08984375 0.03515625
1 0.9703125 0.86328125 0.0546875 0.046875
1 0.83515625 0.959375 0.053125 0.07421875
1 0.6421875 0.5578125 0.0546875 0.06875
1 0.41796875 0.065625 0.07421875 0.06875
1 0.18046875 0.12890625 0.05625 0.06640625