1 0.209375 0.3875 0.03125 0.0546875
1 0.1453125 0.70703125 0.0625 0.03359375
1 0.35390625 0.23203125 0.025 0.0421875
1 0.57265625 0.14921875 0.03203125 0.05
1 0.73671875 0.89765625 0.05234375 0.03125
1 0.50546875 0.2390625 0.03203125 0.0484375
1 0.50234375 0.67421875 0.05625 0.0296875
1 0.54765625 0.90625 0.04140625 0.04296875
1 0.24609375 0.20625 0.0609375 0.02890625
1 0.9671875 0.37109375 0.05234375 0.03046875
1 0.48203125 0.365625 0.0515625 0.0359375
1 0.12890625 0.12109375 0.02265625 0.04453125
1 0.5828125 0.49296875 0.028125 0.0625
1 0.26171875 0.109375 0.053125 0.0328125
1 0.68671875 0.68359375 0.03984375 0.0390625
1 0.92734375 0.47265625 0.08125 0.03125
1 0.71328125 0.31640625 0.0265625 0.046875
1 0.93515625 0.10546875 0.07265625 0.05078125
1 0.76953125 0.36875 0.04921875 0.06015625
1 0.415625 0.28125 0.07109375 0.04765625
1 0.34609375 0.08203125 0.03515625 0.07890625
1 0.903125 0.25859375 0.07265625 0.03125