1 0.56796875 0.9234375 0.0390625 0.0515625
1 0.7703125 0.0484375 0.0421875 0.05703125
1 0.959375 0.20390625 0.065625 0.03515625
1 0.4265625 0.71796875 0.065625 0.03125
1 0.3265625 0.896875 0.05234375 0.03828125
1 0.01796875 0.1015625 0.03203125 0.04765625
1 0.8125 0.75859375 0.05625 0.02890625
1 0.63125 0.63671875 0.03515625 0.0546875
1 0.51796875 0.54921875 0.04921875 0.02578125
1 0.803125 0.4921875 0.03125 0.05546875
1 0.3015625 0.59375 0.0296875 0.05234375
1 0.32578125 0.19140625 0.0390625 0.040625
1 0.98515625 0.41015625 0.028125 0.059375
1 0.1078125 0.63515625 0.0671875 0.0390625
1 0.74921875 0.928125 0.0640625 0.08125
1 0.89609375 0.87265625 0.0546875 0.0765625
1 0.28984375 0.35703125 0.0703125 0.0390625
1 0.140625 0.20859375 0.05625 0.0734375
1 0.2171875 0.78515625 0.06875 0.0453125
1 0.44609375 0.41875 0.0921875 0.040625