1 0.51640625 0.1515625 0.0421875 0.06015625
1 0.259375 0.3046875 0.05 0.05625
1 0.22578125 0.52890625 0.04921875 0.03984375
1 0.85859375 0.21328125 0.0625 0.03125
1 0.16953125 0.2109375 0.05078125 0.05390625
1 0.69765625 0.796875 0.028125 0.05625
1 0.803125 0.45390625 0.02890625 0.06171875
1 0.01171875 0.7671875 0.0234375 0.0359375
1 0.7890625 0.11875 0.04609375 0.04609375
1 0.08984375 0.78203125 0.06328125 0.0328125
1 0.2953125 0.84140625 0.0421875 0.0234375
1 0.95546875 0.8046875 0.05390625 0.0484375
1 0.3515625 0.5 0.08203125 0.05859375
1 0.05546875 0.49609375 0.0875 0.06640625
1 0.67109375 0.56875 0.0453125 0.05859375