1 0.22890625 0.5703125 0.05234375 0.0359375
1 0.12734375 0.32890625 0.06328125 0.03125
1 0.76875 0.29296875 0.05390625 0.040625
1 0.24609375 0.4375 0.0546875 0.04453125
1 0.41015625 0.2328125 0.03515625 0.06015625
1 0.43359375 0.2953125 0.05 0.03515625
1 0.02265625 0.61796875 0.0265625 0.0546875
1 0.984375 0.571875 0.02890625 0.05703125
1 0.7515625 0.63203125 0.05859375 0.0421875
1 0.03203125 0.22421875 0.05 0.053125
1 0.81015625 0.85703125 0.04921875 0.0359375
1 0.95 0.92265625 0.04609375 0.0671875
1 0.15546875 0.13359375 0.0359375 0.06953125
1 0.3765625 0.07109375 0.040625 0.0546875
1 0.7328125 0.1546875 0.04921875 0.02890625
1 0.1578125 0.78515625 0.0640625 0.04296875
1 0.44765625 0.52578125 0.03828125 0.04609375
1 0.509375 0.87421875 0.0359375 0.053125
1 0.76171875 0.53671875 0.05703125 0.0359375
1 0.5 0.57421875 0.0515625 0.046875
1 0.5578125 0.67265625 0.07421875 0.04296875
1 0.98671875 0.378125 0.0234375 0.034375
1 0.11328125 0.49140625 0.04765625 0.040625
1 0.64921875 0.73828125 0.02890625 0.05625
1 0.05703125 0.05078125 0.02734375 0.06640625
1 0.66640625 0.9140625 0.03359375 0.053125
1 0.74453125 0.01171875 0.03203125 0.02265625
1 0.85703125 0.68359375 0.0296875 0.05703125
1 0.41640625 0.734375 0.04921875 0.0359375
1 0.221875 0.14453125 0.06875 0.0421875
1 0.58515625 0.88671875 0.0390625 0.0859375
1 0.27734375 0.69296875 0.0359375 0.0703125
1 0.93359375 0.31953125 0.0390625 0.0765625