1 0.08359375 0.50234375 0.06953125 0.04765625
1 0.9640625 0.20078125 0.03203125 0.075
0 0.8078125 0.275 0.0640625 0.1421875
1 0.59375 0.49765625 0.0484375 0.07734375
1 0.72734375 0.759375 0.05390625 0.140625
1 0.409375 0.94453125 0.065625 0.09765625
1 0.32421875 0.715625 0.059375 0.11328125
1 0.3625 0.4828125 0.034375 0.125
1 0.24609375 0.54765625 0.07109375 0.0953125
1 0.065625 0.78515625 0.08203125 0.08828125
1 0.11953125 0.153125 0.03984375 0.09296875
1 0.0359375 0.284375 0.0640625 0.07734375
1 0.1765625 0.7421875 0.04375 0.09765625
1 0.0171875 0.859375 0.034375 0.06328125
1 0.6625 0.228125 0.04375 0.134375