1 0.96953125 0.62265625 0.040625 0.05390625
1 0.06875 0.17109375 0.03671875 0.05703125
1 0.65 0.44609375 0.03671875 0.0515625
1 0.12421875 0.73125 0.034375 0.05859375
1 0.7484375 0.10078125 0.03046875 0.05546875
1 0.03828125 0.68671875 0.059375 0.0296875
1 0.65234375 0.1390625 0.0375 0.05390625
1 0.2484375 0.815625 0.02890625 0.0453125
1 0.059375 0.8734375 0.0609375 0.0328125
1 0.30390625 0.45859375 0.06328125 0.07890625
1 0.3578125 0.9015625 0.071875 0.06171875
1 0.54140625 0.90078125 0.09140625 0.03984375
1 0.2 0.1875 0.06328125 0.05703125
1 0.221875 0.9125 0.07578125 0.05