1 0.09296875 0.7890625 0.046875 0.03125
1 0.48125 0.878125 0.0515625 0.0265625
1 0.11953125 0.38125 0.046875 0.02578125
1 0.278125 0.75859375 0.02734375 0.05
1 0.4015625 0.05546875 0.053125 0.02734375
1 0.86640625 0.54921875 0.03671875 0.04453125
1 0.534375 0.428125 0.05078125 0.0296875
1 0.94765625 0.76328125 0.02734375 0.05
1 0.2421875 0.3546875 0.0234375 0.04296875
1 0.3 0.496875 0.0296875 0.0296875
1 0.81640625 0.3828125 0.04140625 0.0375
1 0.65546875 0.61796875 0.0265625 0.0515625
1 0.740625 0.83125 0.0515625 0.028125
1 0.14609375 0.89921875 0.02109375 0.04375
1 0.42109375 0.19453125 0.0265625 0.0515625
1 0.43046875 0.8265625 0.02734375 0.04375
1 0.53984375 0.1828125 0.0375 0.0390625
1 0.5890625 0.346875 0.03828125 0.05
1 0.1625 0.0375 0.03671875 0.0390625
1 0.3125 0.2125 0.02734375 0.04609375
1 0.184375 0.2359375 0.0484375 0.02734375
1 0.69296875 0.18984375 0.03203125 0.04609375
1 0.03828125 0.8671875 0.0296875 0.053125
1 0.6546875 0.440625 0.02890625 0.053125
1 0.559375 0.68828125 0.04296875 0.053125
1 0.9 0.24453125 0.04609375 0.03671875
1 0.371875 0.978125 0.02578125 0.0421875
1 0.50703125 0.984375 0.0296875 0.03125
1 0.42734375 0.39296875 0.021875 0.0421875
1 0.16640625 0.52109375 0.04921875 0.07734375