1 0.93359375 0.5796875 0.053125 0.0390625
1 0.1859375 0.2921875 0.059375 0.03125
1 0.71796875 0.04296875 0.03359375 0.05234375
1 0.34765625 0.13828125 0.04765625 0.04609375
1 0.21015625 0.825 0.03125 0.04765625
1 0.69765625 0.290625 0.0578125 0.0328125
1 0.62578125 0.7859375 0.0578125 0.03671875
1 0.58671875 0.6390625 0.06796875 0.0296875
1 0.0828125 0.93203125 0.040625 0.040625
1 0.325 0.48984375 0.05546875 0.08359375
1 0.353125 0.3390625 0.05390625 0.08515625
1 0.64296875 0.57890625 0.075 0.05
1 0.5421875 0.55625 0.08125 0.05703125
1 0.5046875 0.475 0.05 0.08125
1 0.8890625 0.04765625 0.05546875 0.08515625