1 0.2171875 0.81328125 0.0421875 0.05546875
1 0.26796875 0.0359375 0.04375 0.02578125
1 0.04140625 0.78671875 0.04296875 0.03984375
1 0.7765625 0.45703125 0.0734375 0.0328125
1 0.7671875 0.68515625 0.03828125 0.04296875
1 0.06328125 0.57890625 0.0296875 0.0625
1 0.24140625 0.86640625 0.0453125 0.03984375
1 0.10390625 0.11015625 0.0296875 0.0421875
1 0.72109375 0.5484375 0.03359375 0.046875
1 0.36015625 0.57734375 0.028125 0.03125
1 0.18046875 0.428125 0.02578125 0.0484375
1 0.78203125 0.890625 0.0265625 0.02421875
1 0.80078125 0.13203125 0.078125 0.05625
1 0.54375 0.134375 0.0640625 0.04296875
1 0.3515625 0.1515625 0.05859375 0.0375
1 0.5578125 0.415625 0.0328125 0.03515625