1 0.08984375 0.6859375 0.03125 0.05703125
1 0.3796875 0.43828125 0.0375 0.05390625
1 0.9265625 0.0125 0.05 0.025
1 0.6796875 0.9859375 0.046875 0.028125
1 0.20234375 0.96796875 0.05703125 0.0390625
1 0.90390625 0.209375 0.05390625 0.0421875
1 0.73203125 0.08671875 0.05390625 0.04765625
1 0.7921875 0.39453125 0.06953125 0.034375
1 0.3484375 0.48671875 0.06796875 0.03828125
1 0.88515625 0.1015625 0.0609375 0.04609375
1 0.18046875 0.30078125 0.06328125 0.04140625
1 0.77421875 0.25625 0.08125 0.0609375