1 0.853125 0.40390625 0.0390625 0.0609375
1 0.2734375 0.57265625 0.03671875 0.0625
1 0.8 0.18671875 0.04453125 0.053125
1 0.38359375 0.57890625 0.05703125 0.04921875
1 0.86484375 0.5515625 0.046875 0.0421875
1 0.925 0.32890625 0.040625 0.0671875
1 0.9359375 0.103125 0.0765625 0.03671875
1 0.01171875 0.134375 0.02265625 0.02890625
1 0.75 0.72109375 0.028125 0.0609375
1 0.74140625 0.015625 0.0265625 0.03046875
1 0.2734375 0.3875 0.05390625 0.034375
1 0.6125 0.57890625 0.040625 0.02890625
1 0.06484375 0.33671875 0.02734375 0.0546875