1 0.0984375 0.35703125 0.053125 0.028125
1 0.30859375 0.5890625 0.0484375 0.03828125
1 0.46015625 0.340625 0.06328125 0.028125
1 0.3734375 0.915625 0.0515625 0.03671875
1 0.48125 0.86953125 0.06015625 0.03203125
1 0.6265625 0.4484375 0.078125 0.040625
1 0.41953125 0.69921875 0.0671875 0.03359375
1 0.4 0.6296875 0.07265625 0.025
1 0.13359375 0.60078125 0.06640625 0.05078125
1 0.31328125 0.29296875 0.05625 0.0484375
1 0.56640625 0.26640625 0.0703125 0.040625
1 0.88203125 0.4203125 0.07890625 0.03515625
1 0.8625 0.5265625 0.06171875 0.040625
1 0.8578125 0.58359375 0.07578125 0.034375
1 0.8765625 0.63359375 0.07265625 0.03046875
1 0.89375 0.68125 0.0671875 0.0265625
1 0.75234375 0.6203125 0.06328125 0.03828125
1 0.834375 0.9171875 0.05234375 0.03984375
1 0.93828125 0.38359375 0.071875 0.03203125
1 0.3828125 0.46328125 0.06171875 0.0375