1 0.2453125 0.49609375 0.0421875 0.09140625
1 0.253125 0.9578125 0.040625 0.07890625
1 0.0265625 0.3265625 0.05078125 0.040625
1 0.5296875 0.7140625 0.04453125 0.05703125
1 0.69375 0.3078125 0.03203125 0.13671875
1 0.71875 0.57578125 0.03125 0.11953125
1 0.9359375 0.7328125 0.0546875 0.0984375
1 0.89609375 0.63671875 0.03359375 0.1234375
1 0.93203125 0.04296875 0.0328125 0.08125
1 0.68203125 0.0234375 0.07421875 0.04296875
1 0.61796875 0.40546875 0.04765625 0.103125
1 0.596875 0.1046875 0.0296875 0.115625