1 0.71875 0.29140625 0.0484375 0.053125
1 0.24609375 0.3796875 0.04375 0.03203125
1 0.046875 0.56796875 0.03828125 0.0515625
1 0.740625 0.0328125 0.02890625 0.0546875
1 0.9796875 0.7140625 0.03984375 0.03828125
1 0.20390625 0.21171875 0.053125 0.03046875
1 0.39296875 0.33359375 0.05234375 0.03046875
1 0.64765625 0.04375 0.03125 0.0578125
1 0.5203125 0.08828125 0.04609375 0.03984375
1 0.96875 0.02578125 0.0359375 0.0453125
1 0.1046875 0.0578125 0.0390625 0.03671875
1 0.09140625 0.5296875 0.02421875 0.0484375
1 0.1109375 0.7015625 0.05 0.03203125
1 0.734375 0.91328125 0.025 0.05234375
1 0.73515625 0.56640625 0.0359375 0.0453125
1 0.8828125 0.290625 0.02734375 0.0546875
1 0.22421875 0.896875 0.0359375 0.04609375
1 0.540625 0.59453125 0.065625 0.0359375
1 0.65078125 0.759375 0.03984375 0.03359375
1 0.2078125 0.6046875 0.02734375 0.04453125
1 0.29609375 0.73984375 0.03359375 0.03125
0 0.81171875 0.7296875 0.0921875 0.1734375
0 0.7953125 0.48515625 0.09765625 0.1