1 0.88046875 0.503125 0.0390625 0.0578125
1 0.50234375 0.32265625 0.03984375 0.04765625
1 0.8828125 0.83359375 0.0625 0.0328125
1 0.06875 0.75078125 0.0375 0.0484375
1 0.45546875 0.18125 0.06953125 0.03515625
1 0.659375 0.2390625 0.034375 0.06484375
1 0.52421875 0.82265625 0.0515625 0.0265625
1 0.425 0.4765625 0.0359375 0.053125
1 0.7953125 0.55234375 0.03046875 0.0546875
1 0.271875 0.0703125 0.0359375 0.046875
1 0.9375 0.24453125 0.04765625 0.05234375
1 0.9625 0.71328125 0.05390625 0.02890625
1 0.215625 0.46328125 0.05859375 0.0296875
1 0.86171875 0.20625 0.04375 0.0578125
1 0.00625 0.90390625 0.0125 0.03359375
1 0.70078125 0.77421875 0.0296875 0.04609375
1 0.50234375 0.98046875 0.0375 0.034375
1 0.7265625 0.72109375 0.03203125 0.05078125
1 0.61953125 0.15703125 0.05 0.0609375
1 0.23046875 0.9359375 0.03359375 0.07578125
1 0.7296875 0.95859375 0.03984375 0.07734375
1 0.82734375 0.97109375 0.0796875 0.03203125
1 0.01796875 0.45 0.0359375 0.04375
1 0.17734375 0.1546875 0.0359375 0.06796875