1 0.76875 0.0953125 0.065625 0.03203125
1 0.07109375 0.0359375 0.0390625 0.053125
1 0.553125 0.58515625 0.05 0.0421875
1 0.1703125 0.22109375 0.03359375 0.05625
1 0.09140625 0.475 0.05234375 0.0390625
1 0.03203125 0.8296875 0.0515625 0.03046875
1 0.05078125 0.35625 0.03671875 0.06015625
1 0.58203125 0.22109375 0.05859375 0.040625
1 0.87578125 0.4734375 0.03671875 0.0625
1 0.90625 0.240625 0.05234375 0.028125
1 0.41875 0.1609375 0.06015625 0.03359375
1 0.428125 0.26328125 0.02890625 0.05625
1 0.75 0.7484375 0.04921875 0.04296875
1 0.63046875 0.87421875 0.0546875 0.028125
0 0.1640625 0.65625 0.10546875 0.096875
1 0.01328125 0.765625 0.0265625 0.025
1 0.71484375 0.60078125 0.0453125 0.0359375