1 0.12421875 0.66875 0.03515625 0.0609375
1 0.89296875 0.57109375 0.075 0.03671875
1 0.08671875 0.878125 0.03671875 0.05234375
1 0.2421875 0.265625 0.03046875 0.06015625
1 0.803125 0.83046875 0.04609375 0.059375
1 0.60703125 0.665625 0.05078125 0.05390625
1 0.07109375 0.1484375 0.0546875 0.04296875
1 0.97734375 0.8015625 0.04296875 0.05703125
1 0.36875 0.71796875 0.05 0.05546875
1 0.92890625 0.64140625 0.03359375 0.0609375
1 0.0765625 0.29609375 0.0328125 0.05625
1 0.51875 0.45234375 0.03984375 0.0625
1 0.75234375 0.09296875 0.0515625 0.0484375
1 0.06796875 0.51015625 0.0640625 0.034375
1 0.390625 0.478125 0.03125 0.06328125
1 0.64453125 0.5 0.03125 0.065625
1 0.82578125 0.95625 0.07109375 0.04453125
1 0.7921875 0.45703125 0.03203125 0.04375
1 0.3515625 0.2890625 0.04921875 0.0640625
1 0.93515625 0.390625 0.05859375 0.06484375
1 0.475 0.7078125 0.16875 0.1109375
1 0.4640625 0.17109375 0.0765625 0.059375