1 0.384375 0.909375 0.0578125 0.03046875
1 0.30625 0.55 0.02734375 0.06015625
1 0.95625 0.81953125 0.03125 0.05
1 0.1890625 0.4609375 0.05078125 0.028125
1 0.875 0.45234375 0.04375 0.02890625
1 0.1515625 0.0375 0.03671875 0.0484375
1 0.8625 0.25703125 0.0359375 0.059375
1 0.8265625 0.08671875 0.0328125 0.04375
1 0.35546875 0.12421875 0.03125 0.0515625
1 0.109375 0.66640625 0.05859375 0.03515625
1 0.075 0.3640625 0.06171875 0.0265625
1 0.134375 0.70859375 0.03828125 0.059375
1 0.05 0.54765625 0.065625 0.075
1 0.18125 0.9203125 0.06796875 0.0765625
1 0.3453125 0.22890625 0.05546875 0.0796875
1 0.04375 0.22734375 0.059375 0.0796875
1 0.56796875 0.0359375 0.0484375 0.07109375
1 0.321875 0.459375 0.0328125 0.06796875