1 0.4875 0.92734375 0.05 0.03515625
1 0.3421875 0.0296875 0.0640625 0.03828125
1 0.071875 0.228125 0.06015625 0.0328125
1 0.26640625 0.909375 0.0328125 0.05546875
1 0.98203125 0.5375 0.03515625 0.03984375
1 0.659375 0.86484375 0.03828125 0.05
1 0.69296875 0.546875 0.0609375 0.0390625
1 0.72265625 0.68671875 0.05390625 0.0296875
1 0.68125 0.1359375 0.06015625 0.03359375
1 0.8625 0.23828125 0.0484375 0.03359375
1 0.99140625 0.3765625 0.01484375 0.053125
1 0.57734375 0.7546875 0.06796875 0.03203125
1 0.5609375 0.990625 0.046875 0.0171875
1 0.21484375 0.3703125 0.07265625 0.04453125
1 0.3203125 0.44140625 0.103125 0.0375
1 0.25546875 0.7796875 0.06171875 0.06328125
1 0.45546875 0.71875 0.06171875 0.0484375
1 0.396875 0.88046875 0.02734375 0.07421875
1 0.775 0.434375 0.05078125 0.06796875
1 0.55703125 0.39296875 0.0578125 0.0609375
1 0.6 0.5484375 0.06953125 0.040625
1 0.05 0.33359375 0.07734375 0.06328125
0 0.84765625 0.04296875 0.07265625 0.0796875