1 0.4703125 0.23203125 0.05625 0.03203125
1 0.275 0.3546875 0.03203125 0.0625
1 0.38203125 0.14765625 0.04921875 0.04453125
1 0.93046875 0.23984375 0.053125 0.040625
1 0.05859375 0.78828125 0.05859375 0.03203125
1 0.128125 0.48828125 0.0359375 0.05546875
1 0.84765625 0.38984375 0.05625 0.04375
1 0.153125 0.35234375 0.05859375 0.03671875
1 0.41953125 0.8765625 0.05859375 0.040625
1 0.04140625 0.315625 0.0546875 0.02890625
1 0.5828125 0.03671875 0.05078125 0.0265625
1 0.80625 0.228125 0.03125 0.0640625
1 0.825 0.046875 0.053125 0.0421875
1 0.63671875 0.440625 0.0328125 0.053125
1 0.1625 0.81171875 0.0390625 0.04921875
1 0.41015625 0.46640625 0.065625 0.0328125
1 0.0484375 0.57578125 0.06953125 0.0375
0 0.446875 0.95625 0.0796875 0.08125
1 0.665625 0.209375 0.05546875 0.06171875