1 0.47421875 0.8796875 0.0734375 0.0390625
1 0.865625 0.57578125 0.059375 0.04375
1 0.80546875 0.78203125 0.09453125 0.08828125
1 0.96640625 0.7234375 0.05546875 0.08515625
1 0.69609375 0.68671875 0.053125 0.06796875
1 0.39296875 0.734375 0.096875 0.0625
1 0.29609375 0.72890625 0.103125 0.0453125
1 0.515625 0.3484375 0.08046875 0.0640625
1 0.365625 0.37578125 0.05859375 0.0640625
1 0.53046875 0.20546875 0.071875 0.078125
1 0.8359375 0.271875 0.08359375 0.0921875
1 0.11640625 0.178125 0.0609375 0.08515625
1 0.2734375 0.0328125 0.10859375 0.05546875
1 0.49453125 0.0234375 0.06640625 0.04375
1 0.021875 0.27578125 0.03359375 0.059375
1 0.515625 0.57265625 0.0859375 0.03828125
1 0.72890625 0.4203125 0.1140625 0.059375