1 0.34921875 0.96875 0.05390625 0.0328125
1 0.77890625 0.38046875 0.06015625 0.04140625
1 0.03125 0.9 0.02890625 0.06015625
1 0.975 0.13203125 0.05 0.0421875
1 0.61171875 0.57265625 0.03515625 0.053125
1 0.63046875 0.68828125 0.065625 0.03671875
1 0.49921875 0.22890625 0.03125 0.06796875
1 0.4890625 0.096875 0.06328125 0.0390625
1 0.4359375 0.153125 0.05234375 0.034375
1 0.29609375 0.18125 0.05546875 0.0359375
1 0.65703125 0.16328125 0.04375 0.05078125
1 0.7609375 0.73125 0.075 0.03515625
1 0.52578125 0.81328125 0.03828125 0.04296875
1 0.321875 0.4484375 0.059375 0.03125
1 0.49453125 0.02578125 0.05078125 0.04296875
1 0.98828125 0.86953125 0.0203125 0.06015625
1 0.4234375 0.57734375 0.0546875 0.03046875
1 0.9890625 0.2703125 0.01875 0.04453125
1 0.34921875 0.7703125 0.034375 0.0796875