1 0.01796875 0.575 0.03125 0.05
1 0.60625 0.621875 0.0515625 0.0390625
1 0.03515625 0.73203125 0.0453125 0.05
1 0.440625 0.46484375 0.05078125 0.034375
1 0.08046875 0.87890625 0.0515625 0.0296875
1 0.65 0.48359375 0.06015625 0.03359375
1 0.40703125 0.696875 0.05859375 0.0328125
1 0.746875 0.31171875 0.059375 0.03984375
1 0.684375 0.81171875 0.0375 0.02890625
1 0.1796875 0.85234375 0.04921875 0.0265625
1 0.26875 0.48359375 0.0578125 0.0296875
1 0.9296875 0.94296875 0.02734375 0.04609375
1 0.5390625 0.08984375 0.05703125 0.0390625
1 0.2109375 0.440625 0.0625 0.02890625
1 0.34375 0.3328125 0.10546875 0.0484375
1 0.78046875 0.4765625 0.0765625 0.0625
1 0.50625 0.8265625 0.046875 0.07421875
0 0.0921875 0.4671875 0.078125 0.12890625