1 0.378125 0.07109375 0.0328125 0.053125
1 0.48515625 0.134375 0.05 0.03359375
1 0.734375 0.6578125 0.028125 0.05625
1 0.87265625 0.08203125 0.053125 0.03203125
1 0.65859375 0.25390625 0.0390625 0.03828125
1 0.67578125 0.60390625 0.0359375 0.0484375
1 0.3125 0.21953125 0.0546875 0.0296875
1 0.078125 0.159375 0.040625 0.05078125
1 0.93359375 0.81328125 0.0453125 0.08125
1 0.73671875 0.503125 0.04375 0.028125
1 0.1921875 0.40625 0.02890625 0.065625
1 0.44296875 0.51015625 0.0484375 0.08046875
1 0.4703125 0.54921875 0.0578125 0.08046875
1 0.871875 0.5640625 0.08125 0.0359375
1 0.95703125 0.38515625 0.0828125 0.03984375
1 0.53125 0.40859375 0.034375 0.0703125
1 0.1765625 0.075 0.046875 0.0828125
1 0.02734375 0.7453125 0.0546875 0.0515625
1 0.578125 0.978125 0.0734375 0.04140625
1 0.10078125 0.97890625 0.03984375 0.0421875
1 0.40546875 0.4234375 0.0484375 0.04765625