1 0.640625 0.54453125 0.04765625 0.05078125
1 0.63515625 0.2765625 0.040625 0.0625
1 0.58125 0.696875 0.0578125 0.0296875
1 0.0328125 0.62890625 0.03046875 0.0609375
1 0.478125 0.0765625 0.05390625 0.05390625
1 0.16796875 0.0796875 0.02734375 0.053125
1 0.55 0.871875 0.03125 0.05546875
1 0.02578125 0.234375 0.04765625 0.0328125
1 0.734375 0.65703125 0.02890625 0.059375
1 0.2984375 0.22421875 0.0375 0.06640625
1 0.8484375 0.3828125 0.0421875 0.06640625
1 0.16328125 0.60703125 0.0375 0.03515625
1 0.740625 0.53828125 0.0296875 0.03984375
1 0.36328125 0.93125 0.02265625 0.059375
1 0.365625 0.35546875 0.0328125 0.06796875
1 0.6421875 0.9890625 0.05546875 0.021875
1 0.06171875 0.8921875 0.065625 0.03046875
1 0.7765625 0.89921875 0.07265625 0.0375
1 0.2046875 0.178125 0.034375 0.040625