1 0.14453125 0.75546875 0.03046875 0.0640625
1 0.1046875 0.22890625 0.05625 0.04765625
1 0.39453125 0.42578125 0.04453125 0.0578125
1 0.41953125 0.29296875 0.0625 0.03828125
1 0.9609375 0.10390625 0.02265625 0.03828125
1 0.18828125 0.6171875 0.05859375 0.0421875
1 0.1078125 0.86796875 0.03515625 0.0640625
1 0.00625 0.7578125 0.0125 0.04375
1 0.19140625 0.90390625 0.0359375 0.0359375
1 0.5484375 0.85234375 0.03203125 0.06171875
1 0.5234375 0.5671875 0.0296875 0.0515625
1 0.703125 0.6453125 0.0671875 0.05859375
1 0.465625 0.7125 0.03359375 0.04375
1 0.4359375 0.77421875 0.06640625 0.0484375
1 0.68828125 0.809375 0.040625 0.0484375
1 0.27109375 0.16796875 0.03203125 0.059375
1 0.7625 0.19921875 0.0765625 0.0296875