1 0.08515625 0.0296875 0.03828125 0.0546875
1 0.875 0.90390625 0.05703125 0.0421875
1 0.6078125 0.765625 0.040625 0.05
1 0.740625 0.221875 0.06640625 0.03203125
1 0.6671875 0.55390625 0.021875 0.05859375
1 0.3953125 0.128125 0.03203125 0.06328125
1 0.684375 0.00703125 0.04765625 0.01328125
1 0.29453125 0.06328125 0.03359375 0.0515625
1 0.37421875 0.70390625 0.06796875 0.03046875
1 0.89375 0.42578125 0.02578125 0.05625
1 0.83671875 0.1796875 0.0625 0.03828125
1 0.9359375 0.65625 0.04296875 0.0796875
1 0.96484375 0.709375 0.04296875 0.05234375