1 0.63828125 0.17109375 0.0515625 0.059375
1 0.1359375 0.67578125 0.03125 0.05859375
1 0.2453125 0.77265625 0.05859375 0.03515625
1 0.65390625 0.034375 0.0546875 0.03515625
1 0.25625 0.70546875 0.059375 0.0421875
1 0.6359375 0.30234375 0.07734375 0.03671875
1 0.67734375 0.4640625 0.040625 0.05
1 0.01953125 0.9828125 0.03515625 0.03359375
1 0.05625 0.146875 0.05234375 0.028125
1 0.9390625 0.5046875 0.0265625 0.07578125
1 0.5953125 0.0265625 0.03671875 0.053125
1 0.30234375 0.9734375 0.0546875 0.04375
1 0.2734375 0.934375 0.0375 0.06328125
1 0.15390625 0.2390625 0.0640625 0.028125
1 0.1125 0.41796875 0.02890625 0.0546875
1 0.88203125 0.9453125 0.03203125 0.09375
1 0.9796875 0.04921875 0.03203125 0.03359375
1 0.078125 0.09453125 0.05625 0.04375
1 0.42578125 0.51171875 0.03515625 0.075
1 0.43515625 0.64453125 0.053125 0.053125
1 0.66796875 0.73359375 0.0765625 0.07265625
1 0.2765625 0.13125 0.0390625 0.06953125
1 0.45078125 0.9375 0.04375 0.084375
1 0.7734375 0.78828125 0.0640625 0.03671875
1 0.59453125 0.6125 0.06328125 0.05078125
1 0.8953125 0.1875 0.0609375 0.05078125