0 0.7015625 0.871875 0.1171875 0.11328125
1 0.4765625 0.61796875 0.046875 0.0484375
1 0.346875 0.8875 0.03203125 0.06796875
1 0.878125 0.94921875 0.04609375 0.0328125
1 0.90546875 0.240625 0.04921875 0.03671875
1 0.52109375 0.18125 0.03046875 0.03046875
1 0.1171875 0.31171875 0.04609375 0.0375
1 0.41484375 0.04609375 0.05546875 0.03203125
1 0.2 0.69921875 0.0546875 0.04765625
1 0.14140625 0.13984375 0.0421875 0.03984375
1 0.31328125 0.259375 0.06015625 0.078125
1 0.44453125 0.675 0.05625 0.0640625