1 0.5859375 0.8796875 0.04296875 0.02421875
1 0.16796875 0.70390625 0.03671875 0.03828125
1 0.68984375 0.7453125 0.03671875 0.046875
1 0.81875 0.321875 0.046875 0.025
1 0.815625 0.08125 0.02734375 0.05234375
1 0.51640625 0.425 0.04453125 0.0359375
1 0.65859375 0.4828125 0.02734375 0.040625
1 0.0390625 0.86875 0.0390625 0.02265625
1 0.259375 0.7875 0.04296875 0.02421875
1 0.26484375 0.66015625 0.03671875 0.0203125
1 0.48984375 0.5625 0.04140625 0.0671875
1 0.9453125 0.465625 0.04375 0.021875
1 0.30625 0.02578125 0.028125 0.03828125
1 0.521875 0.08359375 0.0359375 0.02421875
0 0.4578125 0.0828125 0.09296875 0.05625
1 0.54375 0.84453125 0.0296875 0.02578125
1 0.78515625 0.696875 0.03515625 0.028125
1 0.9734375 0.41484375 0.04375 0.0625
0 0.44453125 0.8625 0.0765625 0.11796875