1 0.09140625 0.6046875 0.03515625 0.05625
1 0.5296875 0.78671875 0.06015625 0.02890625
1 0.26953125 0.85234375 0.053125 0.04765625
1 0.43984375 0.95546875 0.03671875 0.04765625
1 0.83046875 0.0125 0.0421875 0.025
1 0.43359375 0.415625 0.02890625 0.0578125
1 0.9296875 0.9359375 0.06953125 0.03828125
1 0.01171875 0.953125 0.0234375 0.046875
1 0.12265625 0.884375 0.040625 0.05078125
1 0.32109375 0.115625 0.05546875 0.03671875
1 0.58984375 0.82578125 0.03125 0.065625
1 0.74140625 0.65390625 0.03984375 0.0484375
1 0.0171875 0.19921875 0.0296875 0.06171875
1 0.65546875 0.32578125 0.0390625 0.05234375
1 0.77109375 0.14140625 0.03984375 0.0515625
1 0.7953125 0.659375 0.0296875 0.05390625
1 0.38828125 0.41328125 0.03125 0.05703125
1 0.478125 0.1859375 0.05234375 0.0328125
1 0.490625 0.66484375 0.0359375 0.0390625
1 0.621875 0.384375 0.0765625 0.04296875
1 0.88203125 0.12421875 0.071875 0.05625
1 0.21796875 0.578125 0.0453125 0.05859375