1 0.3109375 0.3796875 0.04921875 0.03515625
1 0.3859375 0.7015625 0.0421875 0.04609375
1 0.5234375 0.88515625 0.0484375 0.04296875
1 0.54921875 0.0484375 0.05 0.0375
1 0.01796875 0.1375 0.03203125 0.0328125
1 0.3171875 0.0921875 0.05546875 0.028125
1 0.2734375 0.32734375 0.02890625 0.0546875
1 0.4484375 0.46640625 0.05234375 0.03671875
1 0.90859375 0.875 0.0265625 0.04453125
1 0.246875 0.5015625 0.040625 0.0625
1 0.69921875 0.37890625 0.04296875 0.07421875
1 0.84296875 0.14140625 0.0484375 0.0640625
1 0.75859375 0.16015625 0.06875 0.0625
1 0.92109375 0.49921875 0.0484375 0.084375
1 0.80546875 0.6171875 0.0765625 0.04296875
1 0.046875 0.84765625 0.06640625 0.078125
1 0.1703125 0.2890625 0.03515625 0.0703125