1 0.94140625 0.09375 0.046875 0.04921875
1 0.29375 0.85390625 0.0296875 0.05546875
1 0.0421875 0.359375 0.0421875 0.034375
1 0.35859375 0.16875 0.05234375 0.046875
1 0.44375 0.096875 0.0484375 0.0265625
1 0.0125 0.2296875 0.02421875 0.0421875
1 0.70859375 0.5140625 0.04296875 0.03828125
1 0.684375 0.61015625 0.0546875 0.03203125
1 0.30546875 0.703125 0.05078125 0.03125
1 0.471875 0.73828125 0.04140625 0.0421875
1 0.10859375 0.690625 0.0359375 0.0546875
1 0.375 0.33515625 0.04296875 0.0515625
1 0.89921875 0.98828125 0.05 0.02265625
1 0.22265625 0.4703125 0.02578125 0.03828125
1 0.09921875 0.97890625 0.0578125 0.03046875
1 0.0703125 0.58046875 0.028125 0.034375
1 0.88671875 0.85390625 0.04140625 0.03046875