1 0.31015625 0.1671875 0.04921875 0.04609375
1 0.8296875 0.3421875 0.04765625 0.03125
1 0.82109375 0.97734375 0.0453125 0.04375
1 0.24453125 0.315625 0.05859375 0.03828125
1 0.0421875 0.184375 0.0515625 0.04921875
1 0.01875 0.0109375 0.03671875 0.02109375
1 0.82265625 0.88515625 0.0328125 0.05390625
1 0.034375 0.56875 0.03671875 0.05390625
1 0.853125 0.2171875 0.03125 0.06484375
1 0.47265625 0.4890625 0.06171875 0.0265625
1 0.496875 0.6 0.03046875 0.06015625
1 0.734375 0.734375 0.05859375 0.03046875
1 0.88203125 0.5515625 0.03046875 0.0546875
1 0.29296875 0.91953125 0.0625 0.0328125
1 0.02890625 0.421875 0.05546875 0.03359375
1 0.5671875 0.24375 0.0609375 0.0328125
1 0.32578125 0.3828125 0.02578125 0.0578125
1 0.76484375 0.11015625 0.02734375 0.06015625
1 0.15078125 0.06953125 0.04453125 0.04921875
1 0.1640625 0.51796875 0.06328125 0.071875
1 0.459375 0.25546875 0.08359375 0.05859375
1 0.66640625 0.4296875 0.05703125 0.05234375
0 0.925 0.76171875 0.13125 0.1328125
1 0.1265625 0.90625 0.0625 0.07265625