1 0.70625 0.5828125 0.03671875 0.071875
1 0.02265625 0.83828125 0.0328125 0.0671875
1 0.40546875 0.2046875 0.04921875 0.04296875
1 0.4296875 0.5046875 0.0609375 0.03046875
1 0.4203125 0.05 0.059375 0.03671875
1 0.0203125 0.525 0.034375 0.06640625
1 0.28046875 0.51484375 0.059375 0.034375
1 0.8078125 0.52421875 0.05859375 0.0296875
1 0.82421875 0.58984375 0.065625 0.03125
1 0.13203125 0.36328125 0.08359375 0.0765625
1 0.46640625 0.36640625 0.03515625 0.0515625
1 0.6125 0.365625 0.03984375 0.04921875
1 0.8640625 0.38828125 0.0296875 0.04921875
1 0.58515625 0.23671875 0.04921875 0.0390625
1 0.9359375 0.14296875 0.0578125 0.0328125
1 0.8046875 0.07578125 0.0546875 0.03984375
1 0.6171875 0.00859375 0.06875 0.0171875
1 0.93359375 0.85 0.0421875 0.0578125
1 0.9640625 0.03203125 0.04765625 0.0640625
1 0.7359375 0.075 0.0640625 0.0484375