1 0.46640625 0.915625 0.0296875 0.05703125
1 0.60078125 0.91953125 0.04140625 0.05390625
1 0.2140625 0.39453125 0.05546875 0.03359375
1 0.9703125 0.54765625 0.05 0.05
1 0.7328125 0.2734375 0.03046875 0.06015625
1 0.87265625 0.83515625 0.02734375 0.06328125
1 0.5453125 0.115625 0.03828125 0.053125
1 0.13515625 0.90390625 0.025 0.0515625
1 0.1234375 0.22421875 0.03203125 0.06171875
1 0.3203125 0.9859375 0.03046875 0.025
1 0.84375 0.2890625 0.0296875 0.06484375
1 0.65 0.60078125 0.0484375 0.05078125
1 0.4609375 0.27890625 0.05859375 0.06640625
1 0.06796875 0.37890625 0.06953125 0.07421875