1 0.0265625 0.04453125 0.0484375 0.046875
1 0.68359375 0.1578125 0.03046875 0.05546875
1 0.459375 0.546875 0.02734375 0.05546875
1 0.11484375 0.70859375 0.02890625 0.06015625
1 0.578125 0.69453125 0.040625 0.053125
1 0.5578125 0.09765625 0.02734375 0.0515625
1 0.84921875 0.44765625 0.0453125 0.04375
1 0.896875 0.37578125 0.03359375 0.05625
1 0.50625 0.39140625 0.0328125 0.0515625
1 0.62265625 0.9125 0.03046875 0.05234375
1 0.509375 0.8140625 0.03046875 0.06015625
1 0.64609375 0.8109375 0.0328125 0.059375
1 0.1640625 0.54609375 0.0265625 0.053125
1 0.825 0.2640625 0.03125 0.05625
1 0.2578125 0.3234375 0.0265625 0.0578125
1 0.08515625 0.95390625 0.03203125 0.053125
1 0.03046875 0.646875 0.05625 0.0265625
1 0.459375 0.9296875 0.0421875 0.08359375
1 0.87109375 0.621875 0.0703125 0.0765625