1 0.8796875 0.9328125 0.053125 0.0328125
1 0.75859375 0.396875 0.034375 0.05234375
1 0.4203125 0.11875 0.0390625 0.04921875
1 0.3046875 0.18515625 0.071875 0.034375
1 0.56796875 0.10390625 0.05078125 0.0359375
1 0.54375 0.33359375 0.03984375 0.02890625
1 0.52109375 0.0140625 0.0234375 0.02734375
1 0.565625 0.225 0.03125 0.053125
1 0.98515625 0.4234375 0.02734375 0.0484375
1 0.25078125 0.071875 0.0546875 0.028125
0 0.2421875 0.475 0.1296875 0.16171875
1 0.46015625 0.60234375 0.0296875 0.0359375
1 0.55390625 0.83984375 0.04140625 0.04921875
1 0.0671875 0.38046875 0.0765625 0.08671875
1 0.93046875 0.675 0.04921875 0.05234375
1 0.77578125 0.92578125 0.06328125 0.06328125