1 0.090625 0.8546875 0.0328125 0.06640625
1 0.35625 0.796875 0.07421875 0.0390625
1 0.4296875 0.659375 0.05 0.0359375
1 0.24140625 0.6609375 0.0359375 0.0625
1 0.9015625 0.584375 0.07109375 0.034375
1 0.70703125 0.93125 0.03359375 0.07265625
1 0.65078125 0.0375 0.04296875 0.059375
1 0.61015625 0.709375 0.05390625 0.04140625
1 0.3359375 0.2078125 0.034375 0.06484375
1 0.77734375 0.3015625 0.046875 0.05234375
1 0.490625 0.86015625 0.03359375 0.071875
1 0.87578125 0.77890625 0.0671875 0.06875
1 0.23984375 0.396875 0.03671875 0.0734375
1 0.9421875 0.0609375 0.0296875 0.0640625
1 0.17265625 0.1828125 0.05625 0.0515625
1 0.865625 0.53125 0.04609375 0.03984375
1 0.61171875 0.39375 0.03515625 0.04921875
1 0.80546875 0.02890625 0.03828125 0.04140625
1 0.48125 0.2515625 0.040625 0.059375
0 0.98359375 0.43359375 0.0328125 0.1484375
1 0.85 0.4359375 0.06171875 0.0359375
1 0.84609375 0.17890625 0.03828125 0.0671875