1 0.65078125 0.59609375 0.04140625 0.04921875
1 0.68828125 0.084375 0.04609375 0.040625
1 0.27109375 0.96953125 0.03203125 0.05625
1 0.934375 0.83203125 0.05 0.05
1 0.01875 0.9359375 0.0328125 0.04921875
1 0.5078125 0.428125 0.0296875 0.053125
0 0.0578125 0.19140625 0.0953125 0.15859375
1 0.34375 0.31171875 0.05859375 0.02734375
1 0.509375 0.96171875 0.03515625 0.0671875
1 0.03046875 0.48515625 0.05625 0.03828125
1 0.26328125 0.01796875 0.0765625 0.03046875
1 0.5046875 0.621875 0.05390625 0.03359375
1 0.98671875 0.46640625 0.02265625 0.03046875
1 0.81640625 0.32734375 0.02890625 0.059375
1 0.51640625 0.31171875 0.05625 0.0765625
1 0.975 0.61875 0.046875 0.0859375