1 0.48984375 0.5453125 0.03828125 0.0515625
1 0.55390625 0.1796875 0.0734375 0.034375
1 0.84765625 0.1015625 0.04375 0.05546875
1 0.7171875 0.23203125 0.0296875 0.06953125
1 0.33671875 0.57265625 0.0421875 0.05
1 0.98203125 0.1453125 0.0359375 0.03046875
1 0.70234375 0.540625 0.05859375 0.03125
1 0.8984375 0.8390625 0.06328125 0.0421875
1 0.2171875 0.86953125 0.0703125 0.03828125
1 0.17421875 0.29609375 0.04921875 0.04921875
1 0.56875 0.8171875 0.0453125 0.03359375
1 0.39765625 0.153125 0.06171875 0.02734375
1 0.91953125 0.68125 0.0421875 0.03515625
1 0.265625 0.0140625 0.040625 0.028125
1 0.084375 0.4515625 0.059375 0.02578125
1 0.7859375 0.36796875 0.0296875 0.0640625