1 0.95703125 0.934375 0.04453125 0.03359375
1 0.91640625 0.81015625 0.05 0.0421875
1 0.6671875 0.14609375 0.04921875 0.0375
1 0.43984375 0.1046875 0.03046875 0.05234375
1 0.196875 0.16484375 0.05390625 0.0421875
1 0.553125 0.93515625 0.05625 0.03359375
1 0.74140625 0.025 0.065625 0.0296875
1 0.653125 0.25 0.05546875 0.0296875
1 0.8171875 0.13671875 0.05390625 0.028125
1 0.40859375 0.40546875 0.053125 0.02734375
1 0.06953125 0.98125 0.0296875 0.0375
0 0.809375 0.85 0.0859375 0.10234375
1 0.10703125 0.45390625 0.05625 0.0265625
1 0.97890625 0.625 0.04140625 0.03125
1 0.8875 0.50078125 0.053125 0.0296875
1 0.81015625 0.35390625 0.04765625 0.03515625
1 0.809375 0.625 0.0359375 0.03671875
1 0.04140625 0.40078125 0.01953125 0.0328125