1 0.3296875 0.5015625 0.0625 0.0296875
1 0.43984375 0.3109375 0.03515625 0.0421875
1 0.60625 0.68515625 0.0640625 0.03125
1 0.61484375 0.88984375 0.03125 0.06015625
1 0.6390625 0.47890625 0.034375 0.0484375
1 0.40859375 0.1359375 0.04453125 0.02734375
1 0.7578125 0.790625 0.05 0.03046875
1 0.878125 0.11171875 0.0484375 0.03515625
1 0.01953125 0.46796875 0.034375 0.0546875
1 0.04921875 0.95625 0.06640625 0.05625
1 0.509375 0.76796875 0.05859375 0.06484375
1 0.2828125 0.9828125 0.06171875 0.028125