1 0.20625 0.1609375 0.046875 0.046875
1 0.2046875 0.60625 0.0359375 0.0546875
1 0.209375 0.8328125 0.0421875 0.05234375
1 0.34453125 0.39375 0.0515625 0.0296875
1 0.15546875 0.71484375 0.03984375 0.04453125
1 0.0734375 0.63046875 0.04765625 0.03359375
1 0.50859375 0.2765625 0.06171875 0.03671875
1 0.425 0.68515625 0.05078125 0.03984375
1 0.2125 0.978125 0.05390625 0.03671875
1 0.6453125 0.63984375 0.053125 0.0484375
1 0.63203125 0.371875 0.0484375 0.0515625
1 0.7796875 0.6234375 0.0421875 0.04453125
1 0.54921875 0.7171875 0.04765625 0.0359375
1 0.959375 0.71171875 0.03125 0.05625
1 0.98984375 0.11171875 0.01953125 0.0515625
1 0.7078125 0.46796875 0.0296875 0.0625
1 0.859375 0.46953125 0.04765625 0.034375
1 0.4515625 0.98203125 0.0421875 0.0359375
1 0.015625 0.8078125 0.03046875 0.04140625
1 0.58125 0.5328125 0.040625 0.0859375
1 0.79765625 0.071875 0.0640625 0.046875
1 0.35 0.1609375 0.0390625 0.0609375