1 0.46015625 0.20703125 0.053125 0.03046875
1 0.6296875 0.921875 0.04921875 0.0546875
1 0.8625 0.38125 0.03046875 0.053125
1 0.34375 0.1078125 0.05859375 0.03046875
1 0.70625 0.60703125 0.05078125 0.03125
1 0.4125 0.98203125 0.04609375 0.03046875
1 0.865625 0.11484375 0.05234375 0.04140625
1 0.07421875 0.09453125 0.05859375 0.028125
1 0.7296875 0.384375 0.0359375 0.05703125
1 0.40390625 0.871875 0.0578125 0.0671875
1 0.47265625 0.0375 0.0359375 0.05
1 0.75234375 0.81015625 0.0359375 0.05546875
1 0.4234375 0.45625 0.0234375 0.053125
1 0.58515625 0.33515625 0.0390625 0.03046875
1 0.221875 0.16171875 0.0390625 0.04453125
1 0.93515625 0.29375 0.05 0.03125
1 0.95703125 0.94140625 0.06328125 0.0640625
1 0.89921875 0.46640625 0.02734375 0.05546875
1 0.2171875 0.29140625 0.05625 0.03125
1 0.0953125 0.4015625 0.05390625 0.0671875
1 0.13828125 0.84609375 0.0421875 0.07734375
1 0.74609375 0.14453125 0.0421875 0.07734375
1 0.6515625 0.25390625 0.03671875 0.06640625