1 0.715625 0.4859375 0.04375 0.04765625
1 0.79609375 0.3375 0.05078125 0.040625
1 0.278125 0.63671875 0.0359375 0.0515625
1 0.0234375 0.09375 0.04140625 0.0328125
1 0.55703125 0.38046875 0.03984375 0.04765625
1 0.45234375 0.32734375 0.05546875 0.03125
1 0.17265625 0.4109375 0.03828125 0.04921875
1 0.315625 0.08671875 0.04296875 0.03125
1 0.8765625 0.66015625 0.02578125 0.04765625
1 0.40390625 0.46484375 0.02734375 0.0453125
1 0.3046875 0.31328125 0.034375 0.04921875
1 0.47265625 0.58828125 0.05234375 0.0359375
1 0.75546875 0.80078125 0.034375 0.04375
1 0.91953125 0.76875 0.0375 0.03125
1 0.58359375 0.04296875 0.05546875 0.03125
1 0.49140625 0.6375 0.02578125 0.03046875
1 0.58984375 0.19375 0.0484375 0.03046875
1 0.9875 0.71484375 0.02265625 0.046875
1 0.96796875 0.76328125 0.04765625 0.02890625
1 0.19296875 0.228125 0.03828125 0.0265625
1 0.3296875 0.93828125 0.046875 0.0484375
1 0.0640625 0.59453125 0.046875 0.05390625