1 0.2046875 0.6609375 0.053125 0.04453125
1 0.875 0.64296875 0.0421875 0.0453125
1 0.1421875 0.35703125 0.03359375 0.0609375
1 0.815625 0.2671875 0.03046875 0.06015625
1 0.75546875 0.77265625 0.0640625 0.03125
1 0.16015625 0.103125 0.0421875 0.065625
1 0.54921875 0.734375 0.05234375 0.05390625
1 0.521875 0.1265625 0.06640625 0.0328125
1 0.178125 0.54765625 0.03046875 0.06015625
1 0.6234375 0.88515625 0.0546875 0.028125
1 0.7078125 0.0109375 0.04375 0.021875
1 0.3875 0.7640625 0.0453125 0.0515625
1 0.96796875 0.87109375 0.0546875 0.03828125
1 0.1296875 0.978125 0.02109375 0.040625
1 0.0734375 0.7234375 0.02890625 0.07109375
1 0.84375 0.1328125 0.03125 0.0609375
1 0.9046875 0.90859375 0.040625 0.04609375
1 0.990625 0.73125 0.01640625 0.03671875
1 0.26171875 0.9078125 0.040625 0.0546875