1 0.42421875 0.73125 0.03125 0.06171875
1 0.95859375 0.7734375 0.03828125 0.05703125
1 0.359375 0.85859375 0.07109375 0.03671875
1 0.109375 0.84921875 0.03046875 0.05859375
1 0.54375 0.80546875 0.053125 0.0484375
1 0.540625 0.46640625 0.0625 0.03046875
1 0.26484375 0.48046875 0.0515625 0.0546875
1 0.50546875 0.96328125 0.0609375 0.04765625
1 0.9 0.8578125 0.03046875 0.0640625
1 0.88046875 0.50625 0.065625 0.03125
1 0.6296875 0.67890625 0.05625 0.034375
1 0.384375 0.546875 0.08984375 0.0546875
1 0.66015625 0.39921875 0.05859375 0.06875
1 0.696875 0.12578125 0.05859375 0.0640625
1 0.8625 0.6625 0.0921875 0.05859375
1 0.9359375 0.9671875 0.08203125 0.0546875