1 0.80390625 0.7875 0.04375 0.05625
1 0.83125 0.55703125 0.0296875 0.06328125
1 0.10703125 0.8125 0.03828125 0.05
1 0.7046875 0.47265625 0.0609375 0.03359375
1 0.05390625 0.90859375 0.0640625 0.02890625
1 0.92578125 0.3203125 0.05234375 0.034375
1 0.71171875 0.85390625 0.0421875 0.03984375
1 0.96875 0.03828125 0.0546875 0.03515625
1 0.246875 0.91796875 0.03359375 0.046875
1 0.36796875 0.70625 0.02890625 0.040625
1 0.340625 0.1640625 0.05625 0.03046875
1 0.33828125 0.953125 0.04375 0.03125
1 0.121875 0.22890625 0.03046875 0.0515625
1 0.29296875 0.80078125 0.05234375 0.02890625
1 0.5703125 0.409375 0.03046875 0.0515625
1 0.17734375 0.4984375 0.06328125 0.0515625
1 0.0921875 0.675 0.0578125 0.0765625
0 0.596875 0.9375 0.1390625 0.07890625