1 0.29921875 0.41328125 0.0296875 0.06171875
1 0.57109375 0.4296875 0.0390625 0.0671875
1 0.12734375 0.12890625 0.0421875 0.0546875
1 0.24375 0.1328125 0.059375 0.03828125
1 0.97578125 0.31875 0.04609375 0.03984375
1 0.25078125 0.61796875 0.06171875 0.03515625
1 0.50625 0.50234375 0.04453125 0.05546875
0 0.13515625 0.7546875 0.1046875 0.109375
1 0.45234375 0.88671875 0.0515625 0.0578125
1 0.0921875 0.2953125 0.028125 0.05625
1 0.921875 0.778125 0.065625 0.02890625
1 0.784375 0.7 0.034375 0.0578125
1 0.38125 0.1828125 0.0609375 0.03984375
1 0.63515625 0.0921875 0.0546875 0.03515625
1 0.16015625 0.48671875 0.0375 0.04453125
1 0.4921875 0.73203125 0.03671875 0.06484375
1 0.3328125 0.53828125 0.05234375 0.053125
1 0.80703125 0.22578125 0.05 0.04609375
1 0.8328125 0.00859375 0.02578125 0.01640625
1 0.328125 0.01953125 0.07109375 0.03515625
1 0.83984375 0.50859375 0.06328125 0.0328125
1 0.68515625 0.28828125 0.04921875 0.0390625
1 0.00625 0.1875 0.0125 0.03828125
1 0.271875 0.896875 0.05703125 0.08359375