1 0.97265625 0.04765625 0.04140625 0.0390625
1 0.34296875 0.0984375 0.05390625 0.040625
1 0.446875 0.46796875 0.0578125 0.03828125
1 0.3234375 0.29296875 0.06015625 0.0328125
1 0.98984375 0.71171875 0.015625 0.0359375
1 0.41171875 0.246875 0.0296875 0.05859375
1 0.8078125 0.18671875 0.03828125 0.03671875
1 0.7375 0.04921875 0.02578125 0.034375
1 0.93515625 0.7921875 0.04453125 0.0234375
1 0.2 0.75390625 0.02734375 0.06796875
1 0.19375 0.3609375 0.0578125 0.0328125
1 0.6703125 0.078125 0.02890625 0.0421875
1 0.36328125 0.7234375 0.0390625 0.0875