1 0.92109375 0.0578125 0.03046875 0.046875
1 0.67265625 0.37109375 0.02890625 0.053125
1 0.42890625 0.92265625 0.0296875 0.0515625
1 0.1828125 0.7875 0.0265625 0.05
1 0.44140625 0.17890625 0.04609375 0.03125
1 0.56015625 0.9421875 0.05859375 0.0265625
1 0.14765625 0.84375 0.05390625 0.034375
1 0.98671875 0.24375 0.02265625 0.05078125
1 0.6703125 0.85703125 0.0234375 0.053125
1 0.55078125 0.59765625 0.0578125 0.03046875
1 0.6421875 0.975 0.025 0.0203125
1 0.99140625 0.0484375 0.015625 0.04921875
1 0.81640625 0.24921875 0.0328125 0.0453125
1 0.553125 0.078125 0.02734375 0.0703125
1 0.73671875 0.05 0.03828125 0.0609375
1 0.7765625 0.6734375 0.040625 0.0671875
0 0.77890625 0.9078125 0.078125 0.1328125
1 0.72578125 0.95625 0.0453125 0.08125