1 0.1453125 0.41796875 0.040625 0.0515625
1 0.6921875 0.32421875 0.05 0.03046875
1 0.18359375 0.825 0.0453125 0.0390625
1 0.03046875 0.36484375 0.046875 0.0515625
1 0.03203125 0.11640625 0.05234375 0.0375
1 0.93125 0.36484375 0.04453125 0.04609375
1 0.640625 0.70859375 0.03515625 0.04765625
1 0.23125 0.21328125 0.04921875 0.04140625
1 0.4375 0.525 0.05 0.02734375
1 0.071875 0.01953125 0.04921875 0.0328125
1 0.56875 0.815625 0.02265625 0.04765625
1 0.9140625 0.51875 0.02734375 0.0515625
1 0.46953125 0.70859375 0.03203125 0.0484375
1 0.53359375 0.5453125 0.0546875 0.059375
1 0.86484375 0.0984375 0.040625 0.05234375
1 0.67890625 0.94453125 0.03125 0.05390625
1 0.5796875 0.5234375 0.03671875 0.0671875
1 0.028125 0.54375 0.05 0.0328125
1 0.828125 0.3171875 0.028125 0.04921875
1 0.3609375 0.2703125 0.03125 0.05546875
1 0.60546875 0.0546875 0.0265625 0.05
1 0.73515625 0.57265625 0.0328125 0.05078125
1 0.9578125 0.63828125 0.03046875 0.04453125
1 0.07109375 0.76171875 0.04609375 0.028125
1 0.97890625 0.92109375 0.04140625 0.02734375
1 0.32109375 0.784375 0.0546875 0.028125
1 0.2515625 0.33203125 0.0390625 0.05078125
1 0.51640625 0.1140625 0.04453125 0.04921875
1 0.521875 0.253125 0.028125 0.0453125
1 0.7390625 0.02421875 0.02890625 0.04453125
1 0.9859375 0.03125 0.028125 0.0375
1 0.790625 0.88671875 0.05546875 0.02890625
1 0.53046875 0.646875 0.0328125 0.04296875
1 0.4203125 0.0078125 0.02734375 0.015625
1 0.30546875 0.08515625 0.0296875 0.05
1 0.9921875 0.2265625 0.01484375 0.03125
1 0.0078125 0.428125 0.015625 0.040625
1 0.45 0.8296875 0.05703125 0.07578125
1 0.2078125 0.91484375 0.0421875 0.07421875
1 0.26875 0.72421875 0.0609375 0.06015625