1 0.55234375 0.9125 0.04609375 0.07109375
1 0.10234375 0.34140625 0.0453125 0.05859375
1 0.94609375 0.06015625 0.03515625 0.090625
1 0.55859375 0.015625 0.0515625 0.028125
1 0.7421875 0.62265625 0.0515625 0.05859375
1 0.8484375 0.61484375 0.03359375 0.0828125
1 0.590625 0.24765625 0.06484375 0.0984375
1 0.61484375 0.42421875 0.03359375 0.1046875
1 0.49296875 0.62578125 0.07578125 0.06796875
1 0.31328125 0.36171875 0.084375 0.0796875
1 0.18359375 0.2828125 0.034375 0.11796875
1 0.19921875 0.60859375 0.06796875 0.0734375
1 0.30078125 0.7546875 0.04921875 0.11640625
1 0.10859375 0.8015625 0.08984375 0.05703125
1 0.05703125 0.7796875 0.05 0.11640625
0 0.21796875 0.8515625 0.08828125 0.253125
1 0.759375 0.86796875 0.0375 0.11015625
1 0.6328125 0.64609375 0.05078125 0.121875
1 0.184375 0.03515625 0.05234375 0.06015625
0 0.95234375 0.73828125 0.053125 0.21640625