1 0.52109375 0.32421875 0.04140625 0.0578125
1 0.53046875 0.7015625 0.05234375 0.0421875
1 0.73515625 0.1 0.0484375 0.03828125
1 0.27421875 0.8 0.03359375 0.06171875
1 0.971875 0.9328125 0.04140625 0.0609375
1 0.721875 0.421875 0.0296875 0.05703125
1 0.4875 0.8921875 0.028125 0.05625
1 0.4609375 0.6328125 0.0703125 0.0328125
1 0.45859375 0.49765625 0.0421875 0.0296875
1 0.01640625 0.82890625 0.0296875 0.05390625
1 0.025 0.49453125 0.03203125 0.059375
1 0.98203125 0.6796875 0.0359375 0.034375
1 0.76484375 0.7 0.0375 0.04140625
1 0.321875 0.92578125 0.05234375 0.03828125
1 0.3421875 0.13125 0.03515625 0.06640625
1 0.0859375 0.3125 0.046875 0.06640625