1 0.82265625 0.76953125 0.04609375 0.02734375
1 0.1515625 0.4265625 0.0484375 0.03203125
1 0.82890625 0.56484375 0.05 0.0328125
1 0.196875 0.109375 0.03671875 0.07109375
1 0.80390625 0.8859375 0.05859375 0.03125
1 0.17890625 0.66171875 0.04296875 0.0421875
1 0.0171875 0.41328125 0.03203125 0.03671875
1 0.6390625 0.75703125 0.03984375 0.0375
1 0.434375 0.30625 0.0265625 0.05625
1 0.0203125 0.4625 0.03828125 0.03046875
1 0.29453125 0.934375 0.04453125 0.034375
1 0.79140625 0.31953125 0.03828125 0.03046875
1 0.65 0.25 0.02734375 0.05078125
1 0.2484375 0.5359375 0.03671875 0.0640625
1 0.109375 0.5515625 0.06484375 0.05078125
1 0.2078125 0.30546875 0.02734375 0.06796875
1 0.51640625 0.83671875 0.053125 0.06328125
1 0.453125 0.74921875 0.05 0.06953125