1 0.90625 0.20859375 0.0546875 0.03515625
1 0.94375 0.3171875 0.05859375 0.04765625
1 0.66796875 0.12109375 0.040625 0.0453125
1 0.45625 0.60625 0.0703125 0.03359375
1 0.684375 0.3890625 0.03828125 0.05078125
1 0.8390625 0.5375 0.0296875 0.0578125
1 0.97109375 0.62265625 0.05703125 0.0359375
1 0.7734375 0.14453125 0.05703125 0.0328125
1 0.76953125 0.97265625 0.03359375 0.04296875
1 0.9875 0.90078125 0.0234375 0.0421875
1 0.53125 0.89140625 0.0734375 0.034375
1 0.846875 0.73984375 0.046875 0.0328125
1 0.8265625 0.884375 0.03359375 0.0546875
1 0.44140625 0.33984375 0.025 0.0578125
1 0.12578125 0.43203125 0.05390625 0.0328125
1 0.5328125 0.65859375 0.05703125 0.0421875
1 0.49296875 0.53671875 0.06875 0.06171875
1 0.6984375 0.275 0.05234375 0.05703125
1 0.58125 0.04140625 0.07734375 0.0453125
1 0.52734375 0.16953125 0.05 0.06796875
1 0.45 0.0625 0.02890625 0.046875
1 0.1875 0.64375 0.03671875 0.07578125
1 0.01953125 0.175 0.0390625 0.05625