1 0.29765625 0.50234375 0.03046875 0.05
1 0.6578125 0.55703125 0.06171875 0.0328125
1 0.21015625 0.31015625 0.03125 0.05078125
1 0.2265625 0.753125 0.02890625 0.05859375
1 0.46171875 0.74921875 0.02578125 0.05703125
1 0.43984375 0.515625 0.05703125 0.02734375
1 0.5046875 0.63125 0.028125 0.02890625
1 0.715625 0.31328125 0.0265625 0.0453125
1 0.61953125 0.38671875 0.03125 0.04140625
1 0.01015625 0.234375 0.0203125 0.03125
1 0.56953125 0.25859375 0.025 0.03984375
1 0.4703125 0.8703125 0.0234375 0.04609375
1 0.9140625 0.42265625 0.0390625 0.0765625
1 0.6453125 0.09296875 0.071875 0.07578125
1 0.7515625 0.82734375 0.08984375 0.0484375
1 0.078125 0.88203125 0.04296875 0.0921875
1 0.01875 0.4203125 0.0328125 0.08203125