1 0.80703125 0.8578125 0.04765625 0.0640625
1 0.9796875 0.971875 0.03046875 0.04921875
1 0.88203125 0.6265625 0.0296875 0.06796875
1 0.67265625 0.87265625 0.06328125 0.03203125
1 0.30546875 0.57421875 0.0578125 0.0328125
1 0.43671875 0.68515625 0.03984375 0.053125
1 0.80859375 0.30078125 0.03203125 0.05859375
1 0.65390625 0.4859375 0.034375 0.05703125
1 0.9125 0.328125 0.053125 0.03203125
1 0.45703125 0.30234375 0.03125 0.06640625
1 0.7125 0.52109375 0.0265625 0.059375
1 0.9109375 0.12578125 0.05390625 0.03671875
1 0.5984375 0.9640625 0.05546875 0.03671875
1 0.9671875 0.2234375 0.065625 0.0328125
1 0.171875 0.62578125 0.02734375 0.0484375
1 0.4109375 0.76171875 0.0546875 0.0328125
1 0.5546875 0.765625 0.0359375 0.053125
1 0.66328125 0.3328125 0.06328125 0.034375
1 0.23046875 0.15625 0.02578125 0.06484375
1 0.9578125 0.57109375 0.0625 0.0328125
1 0.73046875 0.19375 0.04140625 0.0578125
1 0.07265625 0.6625 0.028125 0.05234375
1 0.4140625 0.27890625 0.0875 0.04375
1 0.2734375 0.66796875 0.06328125 0.04375
1 0.2125 0.74921875 0.04609375 0.096875
1 0.790625 0.70234375 0.07109375 0.0546875