1 0.80703125 0.3390625 0.0328125 0.053125
1 0.859375 0.77890625 0.03359375 0.05625
1 0.546875 0.14296875 0.05078125 0.04609375
1 0.13203125 0.30625 0.05390625 0.04140625
1 0.959375 0.08359375 0.06171875 0.0375
1 0.31953125 0.08828125 0.02421875 0.0484375
1 0.303125 0.84453125 0.04296875 0.05859375
1 0.809375 0.4546875 0.0484375 0.0484375
1 0.40703125 0.6671875 0.0671875 0.02890625
1 0.5390625 0.81640625 0.06328125 0.0453125
1 0.72265625 0.7171875 0.06328125 0.03125
1 0.05390625 0.11171875 0.05 0.04609375
1 0.6984375 0.59375 0.0625 0.03046875
1 0.21328125 0.61484375 0.0296875 0.05390625
1 0.0765625 0.93125 0.0265625 0.0578125
1 0.96015625 0.85234375 0.053125 0.0375
1 0.72890625 0.89140625 0.06015625 0.03671875
1 0.40625 0.23359375 0.06875 0.03203125
1 0.9078125 0.97890625 0.05546875 0.025
1 0.90625 0.19140625 0.05625 0.028125
1 0.23984375 0.18984375 0.05 0.028125
0 0.59765625 0.4171875 0.1390625 0.1546875
0 0.29921875 0.47109375 0.12890625 0.15703125
1 0.4765625 0.5484375 0.0578125 0.0625