1 0.190625 0.18125 0.04921875 0.03203125
1 0.69375 0.10234375 0.05078125 0.046875
1 0.78515625 0.63515625 0.04375 0.028125
1 0.36796875 0.4640625 0.05234375 0.0375
1 0.26328125 0.753125 0.0578125 0.03046875
1 0.9578125 0.265625 0.0578125 0.034375
1 0.8828125 0.959375 0.03515625 0.0484375
1 0.9125 0.38984375 0.0625 0.02890625
1 0.23359375 0.53046875 0.03203125 0.05390625
1 0.11953125 0.82109375 0.03671875 0.04765625
1 0.3421875 0.60703125 0.05625 0.06015625
1 0.6125 0.85546875 0.05234375 0.03203125
1 0.5796875 0.265625 0.0546875 0.034375
1 0.403125 0.87265625 0.04453125 0.0390625
1 0.8203125 0.48203125 0.0359375 0.04609375