1 0.01875 0.5546875 0.0328125 0.0390625
1 0.1125 0.4453125 0.0484375 0.03359375
1 0.078125 0.65703125 0.04296875 0.0515625
1 0.84375 0.1109375 0.05703125 0.0359375
1 0.40078125 0.4953125 0.03359375 0.0484375
1 0.6765625 0.365625 0.04921875 0.03515625
1 0.45703125 0.546875 0.05234375 0.03828125
1 0.3796875 0.87890625 0.04140625 0.05625
1 0.94375 0.43359375 0.0265625 0.0546875
1 0.51875 0.3171875 0.06171875 0.0328125
1 0.08203125 0.2265625 0.0328125 0.046875
1 0.71796875 0.20703125 0.028125 0.046875
1 0.1375 0.07890625 0.03515625 0.0484375
1 0.7421875 0.5 0.06640625 0.05390625
1 0.22578125 0.253125 0.0765625 0.053125