1 0.52265625 0.17890625 0.03046875 0.06171875
1 0.8828125 0.828125 0.03046875 0.04921875
1 0.30703125 0.7390625 0.02734375 0.0484375
1 0.25703125 0.33984375 0.075 0.04609375
1 0.4640625 0.2421875 0.0484375 0.0484375
1 0.87734375 0.11953125 0.04296875 0.05
1 0.07890625 0.36875 0.05703125 0.03203125
1 0.71328125 0.384375 0.05234375 0.03359375
1 0.29921875 0.590625 0.06015625 0.03203125
1 0.6453125 0.52109375 0.0484375 0.05234375
1 0.72109375 0.0765625 0.04921875 0.0328125
1 0.12109375 0.8109375 0.0546875 0.0390625
1 0.128125 0.0515625 0.03515625 0.0234375
1 0.41015625 0.9359375 0.0609375 0.034375
1 0.175 0.9671875 0.034375 0.0421875
1 0.47578125 0.63984375 0.071875 0.0375
1 0.83125 0.28828125 0.04296875 0.084375
1 0.9640625 0.61875 0.06328125 0.028125
1 0.809375 0.53046875 0.0640625 0.03515625