1 0.82265625 0.3203125 0.04453125 0.03671875
1 0.35 0.81640625 0.02734375 0.0546875
1 0.68984375 0.4421875 0.0484375 0.03203125
1 0.50078125 0.1984375 0.0484375 0.03359375
1 0.6390625 0.59375 0.04453125 0.0390625
1 0.678125 0.1203125 0.05546875 0.03046875
1 0.21171875 0.740625 0.05234375 0.02734375
1 0.43515625 0.4234375 0.0359375 0.04140625
1 0.2265625 0.83046875 0.0390625 0.034375
1 0.284375 0.9296875 0.04140625 0.0375
1 0.3265625 0.66328125 0.06171875 0.028125
1 0.97890625 0.63671875 0.04140625 0.02734375
1 0.16015625 0.1640625 0.0484375 0.02578125
1 0.9609375 0.4078125 0.0328125 0.0484375
1 0.734375 0.59921875 0.04765625 0.0265625
1 0.14921875 0.503125 0.02734375 0.04375
1 0.3984375 0.92109375 0.03046875 0.03046875
1 0.38984375 0.1984375 0.0359375 0.06328125
1 0.31328125 0.17578125 0.03671875 0.0546875
1 0.54609375 0.4109375 0.075 0.03359375
1 0.659375 0.2875 0.04765625 0.05625
1 0.896875 0.396875 0.059375 0.0421875
1 0.85234375 0.4609375 0.04921875 0.07421875
1 0.4953125 0.70703125 0.071875 0.03125
1 0.48828125 0.3078125 0.03984375 0.0375