1 0.040625 0.696875 0.059375 0.0296875
1 0.878125 0.75 0.040625 0.046875
1 0.3703125 0.52578125 0.03125 0.0625
1 0.878125 0.90703125 0.028125 0.05859375
1 0.5171875 0.05078125 0.0578125 0.0390625
1 0.79609375 0.28125 0.02890625 0.0578125
1 0.559375 0.74609375 0.03359375 0.05234375
1 0.859375 0.6203125 0.02890625 0.06171875
1 0.49453125 0.2984375 0.05546875 0.03203125
1 0.86015625 0.48203125 0.0625 0.03671875
1 0.08359375 0.06640625 0.040625 0.04609375
1 0.140625 0.21484375 0.03046875 0.02734375
1 0.08671875 0.31015625 0.05546875 0.02890625
1 0.0078125 0.64921875 0.015625 0.0515625
1 0.75 0.81796875 0.0265625 0.05859375
1 0.35390625 0.0765625 0.0453125 0.02890625
1 0.47421875 0.98515625 0.0359375 0.0265625
1 0.6765625 0.4109375 0.0390625 0.04375
1 0.921875 0.33515625 0.05859375 0.084375
1 0.80390625 0.39453125 0.053125 0.05859375
1 0.58515625 0.91328125 0.0640625 0.0484375