1 0.1921875 0.68203125 0.06171875 0.05390625
1 0.40625 0.4703125 0.05703125 0.05546875
1 0.5390625 0.68046875 0.03984375 0.0640625
1 0.26484375 0.61953125 0.08125 0.11171875
1 0.3453125 0.909375 0.04296875 0.13203125
1 0.178125 0.9828125 0.08671875 0.0296875
1 0.0734375 0.303125 0.0640625 0.115625
1 0.66328125 0.36484375 0.0796875 0.0703125
1 0.84296875 0.38046875 0.05 0.13828125
1 0.775 0.6953125 0.08359375 0.11796875
1 0.9421875 0.7375 0.05234375 0.08828125
1 0.9734375 0.85078125 0.046875 0.10234375
1 0.9609375 0.36484375 0.06953125 0.06171875
1 0.9109375 0.10703125 0.0921875 0.06328125
1 0.78125 0.0453125 0.05078125 0.07265625
1 0.5796875 0.1 0.0484375 0.1046875
1 0.28984375 0.05234375 0.0625 0.1046875
1 0.375 0.6046875 0.05078125 0.1046875
1 0.63359375 0.97109375 0.0640625 0.0578125