1 0.7671875 0.63828125 0.0421875 0.04921875
1 0.75234375 0.878125 0.0296875 0.05625
1 0.3375 0.0203125 0.03984375 0.03828125
1 0.22109375 0.13828125 0.04453125 0.05546875
1 0.07265625 0.13125 0.046875 0.0328125
1 0.340625 0.4359375 0.0671875 0.03359375
1 0.8546875 0.30390625 0.05234375 0.04375
1 0.0171875 0.84921875 0.03125 0.0421875
1 0.084375 0.00625 0.0546875 0.0125
1 0.60390625 0.3375 0.065625 0.078125
1 0.6625 0.42734375 0.05703125 0.096875
1 0.5859375 0.575 0.07109375 0.0625
1 0.48125 0.5109375 0.07265625 0.06796875