1 0.29296875 0.46328125 0.05234375 0.03046875
1 0.4390625 0.9796875 0.06796875 0.0296875
1 0.80546875 0.15390625 0.06796875 0.03203125
1 0.79375 0.965625 0.04453125 0.0328125
1 0.85859375 0.63359375 0.05859375 0.0359375
1 0.41171875 0.815625 0.06171875 0.0296875
1 0.95078125 0.34921875 0.0375 0.0546875
1 0.35390625 0.57265625 0.03203125 0.06015625
1 0.7421875 0.91484375 0.05859375 0.034375
1 0.85 0.5015625 0.0625 0.03125
1 0.98203125 0.52578125 0.03359375 0.04140625
0 0.22265625 0.15390625 0.1265625 0.1703125
1 0.5328125 0.24765625 0.04375 0.0796875
1 0.15859375 0.4203125 0.0671875 0.059375
1 0.08828125 0.86640625 0.0453125 0.0828125
1 0.71484375 0.74765625 0.0359375 0.0828125