1 0.06484375 0.553125 0.05859375 0.03359375
1 0.30625 0.90078125 0.03515625 0.0515625
1 0.28671875 0.62265625 0.03515625 0.059375
1 0.6375 0.5203125 0.05 0.040625
1 0.465625 0.6546875 0.03203125 0.059375
1 0.2078125 0.36484375 0.03046875 0.04765625
1 0.73125 0.84921875 0.03671875 0.06015625
1 0.01796875 0.14609375 0.03203125 0.0296875
1 0.82734375 0.09609375 0.0640625 0.028125
1 0.93515625 0.32890625 0.06875 0.03125
1 0.2234375 0.8234375 0.03671875 0.05234375
1 0.0171875 0.621875 0.0328125 0.0484375
1 0.184375 0.1578125 0.05234375 0.034375
1 0.3921875 0.5390625 0.0265625 0.05078125
1 0.70078125 0.0078125 0.05078125 0.01484375
1 0.0640625 0.80703125 0.02890625 0.05078125
1 0.98359375 0.490625 0.0328125 0.0390625
1 0.76875 0.14921875 0.0328125 0.03984375
1 0.16875 0.07734375 0.028125 0.025
1 0.8546875 0.58046875 0.034375 0.078125
1 0.603125 0.95390625 0.0703125 0.053125
1 0.53046875 0.97578125 0.0625 0.04140625
1 0.25625 0.14453125 0.0609375 0.06015625