1 0.715625 0.80234375 0.0296875 0.05859375
1 0.41484375 0.846875 0.04453125 0.05234375
1 0.11796875 0.965625 0.03125 0.059375
1 0.33125 0.65625 0.02890625 0.0640625
1 0.9421875 0.9421875 0.06171875 0.0328125
1 0.10078125 0.5046875 0.03125 0.065625
1 0.82890625 0.928125 0.0296875 0.05390625
1 0.03359375 0.2390625 0.040625 0.05703125
1 0.415625 0.146875 0.06640625 0.034375
1 0.7421875 0.4390625 0.0625 0.0328125
1 0.26328125 0.93984375 0.03671875 0.0515625
1 0.60859375 0.109375 0.059375 0.04140625
1 0.52578125 0.71484375 0.06015625 0.03359375
1 0.10859375 0.684375 0.06640625 0.03828125
1 0.69921875 0.6453125 0.06171875 0.0375
1 0.21875 0.475 0.07109375 0.04140625
1 0.16484375 0.184375 0.0875 0.0484375
1 0.2703125 0.0421875 0.05625 0.053125
1 0.8890625 0.7171875 0.04296875 0.05078125