1 0.78046875 0.103125 0.06953125 0.0296875
1 0.2203125 0.64453125 0.06640625 0.028125
1 0.58125 0.26328125 0.065625 0.02890625
1 0.140625 0.32734375 0.06015625 0.03203125
1 0.26328125 0.39375 0.0609375 0.0296875
1 0.71953125 0.01796875 0.0640625 0.03203125
1 0.46328125 0.1875 0.04921875 0.03984375
1 0.42578125 0.053125 0.065625 0.0296875
1 0.4390625 0.4265625 0.02734375 0.05390625
1 0.03046875 0.409375 0.053125 0.03359375
1 0.27265625 0.17109375 0.05078125 0.06953125
1 0.53125 0.1 0.0640625 0.03671875
1 0.6765625 0.1703125 0.0625 0.0640625