1 0.79375 0.678125 0.0359375 0.0546875
1 0.2484375 0.565625 0.04765625 0.04609375
1 0.95546875 0.09609375 0.06171875 0.03203125
1 0.65 0.859375 0.04921875 0.05078125
1 0.053125 0.6359375 0.05078125 0.040625
1 0.51796875 0.6828125 0.04921875 0.04375
1 0.86796875 0.69921875 0.0640625 0.03828125
1 0.275 0.19296875 0.0328125 0.0625
1 0.08984375 0.82265625 0.0515625 0.0421875
1 0.296875 0.69765625 0.06796875 0.03203125
1 0.409375 0.4734375 0.03046875 0.0625
1 0.09921875 0.06640625 0.053125 0.03046875
1 0.2234375 0.84140625 0.0515625 0.03359375
1 0.33125 0.33515625 0.07578125 0.0546875
1 0.6 0.2625 0.0640625 0.03203125
1 0.15 0.63515625 0.04375 0.04453125
1 0.6625 0.41015625 0.040625 0.05
1 0.3515625 0.72109375 0.03203125 0.0609375
1 0.98984375 0.95390625 0.0171875 0.0328125
1 0.471875 0.83828125 0.0265625 0.0609375
1 0.17734375 0.4109375 0.03125 0.08828125
1 0.7953125 0.91484375 0.04140625 0.09375
1 0.940625 0.53828125 0.0484375 0.10390625