1 0.7578125 0.20078125 0.02734375 0.059375
1 0.634375 0.03359375 0.05703125 0.02734375
1 0.1890625 0.209375 0.05 0.03125
1 0.9125 0.096875 0.05546875 0.034375
1 0.628125 0.3328125 0.0359375 0.04609375
1 0.8109375 0.84375 0.04296875 0.05546875
1 0.3875 0.37265625 0.04765625 0.0359375
1 0.97578125 0.975 0.0453125 0.028125
1 0.1875 0.771875 0.0421875 0.0390625
1 0.78515625 0.67578125 0.03203125 0.0578125
1 0.25859375 0.340625 0.03046875 0.028125
1 0.33046875 0.4921875 0.0546875 0.034375
1 0.54453125 0.546875 0.0296875 0.04609375
1 0.6015625 0.7640625 0.03828125 0.05
1 0.2046875 0.4234375 0.0546875 0.03515625
1 0.090625 0.471875 0.04453125 0.03984375
1 0.03828125 0.80625 0.021875 0.05
1 0.6375 0.94765625 0.05234375 0.034375
1 0.765625 0.984375 0.05 0.0296875
1 0.20234375 0.62734375 0.05703125 0.03046875
1 0.16875 0.98671875 0.03671875 0.0265625
1 0.05546875 0.775 0.025 0.04609375
1 0.4296875 0.0484375 0.04609375 0.0359375
1 0.4796875 0.53046875 0.046875 0.0359375
1 0.37109375 0.63671875 0.059375 0.02734375
1 0.30703125 0.825 0.06796875 0.034375
1 0.9 0.25859375 0.04453125 0.02890625
1 0.83203125 0.09765625 0.02890625 0.04140625
1 0.38828125 0.1953125 0.0328125 0.05078125
1 0.4078125 0.7765625 0.0453125 0.053125