1 0.4921875 0.80234375 0.053125 0.04375
1 0.3765625 0.60859375 0.0609375 0.028125
1 0.21015625 0.7875 0.04453125 0.0265625
1 0.24296875 0.96640625 0.059375 0.03125
1 0.54921875 0.46015625 0.03671875 0.0609375
1 0.1625 0.64296875 0.03125 0.0609375
1 0.30625 0.18125 0.0328125 0.06328125
1 0.86171875 0.87578125 0.0578125 0.028125
1 0.89921875 0.34765625 0.065625 0.03671875
1 0.165625 0.88515625 0.04375 0.03984375
1 0.8640625 0.04609375 0.03125 0.06796875
1 0.740625 0.74453125 0.06875 0.04453125
1 0.21640625 0.36171875 0.028125 0.05390625
1 0.76640625 0.93125 0.04609375 0.03515625
1 0.328125 0.4359375 0.06875 0.02578125
1 0.8140625 0.0359375 0.05390625 0.04296875
1 0.5390625 0.265625 0.06875 0.03125
1 0.1515625 0.13515625 0.07109375 0.0328125
1 0.87578125 0.7625 0.065625 0.0578125
1 0.8703125 0.9796875 0.0375 0.040625
1 0.98515625 0.45390625 0.02890625 0.05078125
1 0.61796875 0.26640625 0.06484375 0.03125
1 0.678125 0.865625 0.0625 0.04765625
1 0.65234375 0.70703125 0.04765625 0.03125
1 0.7984375 0.51953125 0.02578125 0.08046875
1 0.42890625 0.89921875 0.04765625 0.08125