1 0.79296875 0.06640625 0.02734375 0.0578125
1 0.2296875 0.56796875 0.05234375 0.0296875
1 0.6859375 0.20390625 0.0328125 0.0375
1 0.0359375 0.11484375 0.046875 0.02578125
1 0.1125 0.25625 0.04296875 0.0296875
1 0.1796875 0.384375 0.028125 0.05
1 0.95234375 0.0890625 0.0453125 0.046875
1 0.0359375 0.27578125 0.05078125 0.02734375
1 0.04453125 0.4875 0.0203125 0.0390625
1 0.40859375 0.23359375 0.0265625 0.0453125
1 0.4984375 0.54609375 0.03046875 0.0546875
1 0.6078125 0.00859375 0.025 0.0171875
1 0.578125 0.921875 0.0421875 0.0703125
1 0.1390625 0.96171875 0.040625 0.0765625
1 0.53359375 0.31953125 0.06640625 0.03515625