1 0.228125 0.10703125 0.034375 0.0609375
1 0.55546875 0.59296875 0.04765625 0.05
1 0.209375 0.47890625 0.04609375 0.0453125
1 0.75703125 0.53359375 0.02734375 0.05234375
1 0.8671875 0.47265625 0.02734375 0.05703125
1 0.771875 0.79921875 0.03828125 0.04921875
1 0.3828125 0.5359375 0.04609375 0.0390625
1 0.0671875 0.1078125 0.0546875 0.0375
1 0.1078125 0.8453125 0.0265625 0.053125
1 0.39453125 0.3984375 0.06484375 0.0328125
1 0.50078125 0.678125 0.04296875 0.05078125
1 0.46171875 0.81328125 0.034375 0.05625
1 0.27109375 0.48046875 0.0296875 0.05234375
1 0.021875 0.59765625 0.03671875 0.0375
1 0.2609375 0.90859375 0.05390625 0.03046875
1 0.2 0.31484375 0.0265625 0.0546875
1 0.4546875 0.946875 0.059375 0.0296875
1 0.2328125 0.6265625 0.0703125 0.03203125
1 0.87421875 0.64921875 0.0390625 0.046875
1 0.0515625 0.01171875 0.04296875 0.0234375
1 0.38359375 0.19453125 0.0375 0.03203125
1 0.75 0.94296875 0.034375 0.04609375
1 0.80859375 0.22578125 0.0296875 0.06328125
1 0.7375 0.58359375 0.053125 0.06015625
0 0.46484375 0.753125 0.09375 0.06953125
1 0.2140625 0.26875 0.05234375 0.05703125
1 0.121875 0.68984375 0.0765625 0.03984375