1 0.14453125 0.2515625 0.03046875 0.05546875
1 0.84921875 0.58671875 0.028125 0.05859375
1 0.671875 0.71953125 0.053125 0.028125
1 0.63125 0.49296875 0.03046875 0.06015625
1 0.29921875 0.05234375 0.0609375 0.03125
1 0.925 0.978125 0.03828125 0.04296875
1 0.41875 0.02890625 0.03203125 0.05
1 0.309375 0.14375 0.05078125 0.03671875
1 0.46015625 0.47578125 0.05703125 0.0390625
1 0.4234375 0.11015625 0.05234375 0.03671875
1 0.65703125 0.93046875 0.0453125 0.071875
1 0.78203125 0.98125 0.0609375 0.0296875