1 0.16484375 0.36953125 0.04296875 0.05234375
1 0.93203125 0.7546875 0.0296875 0.059375
1 0.659375 0.09296875 0.06484375 0.03125
1 0.690625 0.5859375 0.04609375 0.04609375
1 0.3421875 0.79765625 0.06171875 0.03828125
1 0.21171875 0.07890625 0.04921875 0.0421875
1 0.91328125 0.15390625 0.04140625 0.05625
1 0.82265625 0.146875 0.05390625 0.02890625
1 0.434375 0.596875 0.03359375 0.053125
1 0.18125 0.21171875 0.0421875 0.03515625
1 0.3515625 0.47890625 0.0328125 0.05703125
1 0.55234375 0.3796875 0.03359375 0.04765625
1 0.425 0.14765625 0.06171875 0.034375
1 0.053125 0.65234375 0.059375 0.03515625
1 0.0546875 0.00625 0.05625 0.0125
1 0.403125 0.91953125 0.03046875 0.05625
1 0.91640625 0.52109375 0.0578125 0.034375