1 0.29296875 0.49296875 0.0640625 0.03515625
1 0.49453125 0.17734375 0.03359375 0.05859375
1 0.23125 0.65 0.04765625 0.0484375
1 0.71875 0.303125 0.0671875 0.03359375
1 0.02890625 0.828125 0.0328125 0.05625
1 0.12734375 0.72265625 0.05 0.04453125
1 0.47734375 0.6875 0.059375 0.0328125
1 0.72265625 0.76484375 0.0296875 0.059375
1 0.2734375 0.31640625 0.0296875 0.03359375
1 0.5265625 0.52265625 0.0703125 0.0296875
1 0.921875 0.984375 0.03046875 0.02890625
1 0.8734375 0.76953125 0.04765625 0.04609375
1 0.39375 0.74375 0.0546875 0.0453125
1 0.25078125 0.9296875 0.053125 0.053125
1 0.0203125 0.50390625 0.03984375 0.03359375
1 0.6921875 0.98984375 0.05390625 0.01796875
1 0.6390625 0.37421875 0.04453125 0.04296875
1 0.409375 0.87578125 0.03359375 0.05859375
1 0.05234375 0.16328125 0.0453125 0.028125
1 0.52265625 0.28203125 0.0265625 0.04375
1 0.1765625 0.49765625 0.07109375 0.06484375
1 0.259375 0.1390625 0.06875 0.0421875
1 0.2671875 0.82734375 0.07109375 0.0375
1 0.9625 0.625 0.06796875 0.02421875
1 0.93203125 0.596875 0.04140625 0.06796875
1 0.9625 0.21328125 0.04609375 0.05703125