1 0.7671875 0.57578125 0.05546875 0.0453125
1 0.4796875 0.81328125 0.06328125 0.03671875
1 0.553125 0.51640625 0.06953125 0.03515625
1 0.9140625 0.8015625 0.04609375 0.053125
1 0.2140625 0.0453125 0.04609375 0.04921875
1 0.76328125 0.41015625 0.04453125 0.0515625
1 0.2984375 0.28359375 0.05625 0.04140625
1 0.08828125 0.796875 0.05078125 0.0296875
1 0.128125 0.52890625 0.0359375 0.0609375
1 0.79609375 0.2578125 0.05078125 0.03828125
1 0.64609375 0.85859375 0.05859375 0.02890625
1 0.02109375 0.23828125 0.0375 0.0609375
1 0.23828125 0.7875 0.0328125 0.05546875
1 0.08359375 0.98359375 0.0546875 0.03046875
1 0.64921875 0.184375 0.0421875 0.06015625
1 0.7125 0.671875 0.06484375 0.0625
1 0.8421875 0.028125 0.034375 0.05625