1 0.153125 0.2328125 0.03515625 0.0453125
1 0.815625 0.24765625 0.0625 0.0296875
1 0.85625 0.371875 0.02890625 0.0515625
1 0.61953125 0.134375 0.0265625 0.05546875
1 0.965625 0.38359375 0.02734375 0.04375
1 0.02265625 0.57734375 0.04296875 0.028125
1 0.18046875 0.03671875 0.05078125 0.0296875
1 0.88515625 0.1109375 0.0453125 0.04140625
1 0.2140625 0.08046875 0.040625 0.02890625
1 0.0203125 0.3640625 0.0390625 0.0265625
1 0.33203125 0.43671875 0.025 0.0609375
1 0.0796875 0.3140625 0.04609375 0.02578125
1 0.64375 0.41640625 0.04375 0.0296875
1 0.70390625 0.85625 0.03984375 0.06875