1 0.35703125 0.68046875 0.05078125 0.0265625
1 0.48203125 0.31484375 0.02890625 0.0421875
1 0.28203125 0.2578125 0.0328125 0.03984375
1 0.18046875 0.18203125 0.0484375 0.02734375
1 0.8421875 0.0734375 0.03828125 0.0296875
1 0.83515625 0.7078125 0.04453125 0.034375
1 0.90234375 0.9234375 0.0671875 0.04296875
1 0.18671875 0.2671875 0.03359375 0.04453125
1 0.98359375 0.465625 0.0328125 0.025
1 0.959375 0.17109375 0.03046875 0.04453125
1 0.22578125 0.08046875 0.04140625 0.0296875
1 0.1015625 0.0671875 0.05 0.02578125
1 0.07734375 0.47578125 0.03359375 0.0625
1 0.2171875 0.04140625 0.05078125 0.02734375
1 0.01328125 0.296875 0.0265625 0.05546875
1 0.5390625 0.23203125 0.02578125 0.05078125
1 0.09765625 0.82265625 0.0265625 0.05078125
1 0.3515625 0.05078125 0.025 0.0484375
1 0.67109375 0.0171875 0.040625 0.03359375
1 0.88984375 0.478125 0.03984375 0.02421875
1 0.85234375 0.65703125 0.04453125 0.03671875
1 0.71640625 0.265625 0.0296875 0.05234375
1 0.134375 0.31171875 0.05 0.028125
1 0.69140625 0.13125 0.03125 0.040625
1 0.94140625 0.584375 0.04375 0.078125
1 0.56171875 0.3171875 0.034375 0.02265625
1 0.90859375 0.3609375 0.0375 0.02109375
1 0.63125 0.70703125 0.05546875 0.04140625