1 0.56015625 0.65625 0.05390625 0.028125
1 0.11953125 0.378125 0.0515625 0.0375
1 0.8546875 0.53359375 0.02734375 0.05703125
1 0.24765625 0.30390625 0.03359375 0.0484375
1 0.071875 0.25546875 0.05234375 0.03046875
1 0.41171875 0.63125 0.05078125 0.02734375
1 0.15 0.03828125 0.065625 0.0296875
1 0.36953125 0.3421875 0.03828125 0.05703125
1 0.30390625 0.00703125 0.0296875 0.01328125
1 0.98515625 0.82265625 0.0296875 0.0421875
1 0.17890625 0.278125 0.0515625 0.0265625
1 0.509375 0.2375 0.03359375 0.065625
1 0.27578125 0.5640625 0.0375 0.0796875