1 0.63984375 0.2015625 0.02890625 0.06015625
1 0.82578125 0.32890625 0.0484375 0.04609375
1 0.53046875 0.2015625 0.03359375 0.0671875
1 0.2453125 0.7015625 0.05703125 0.03984375
1 0.2171875 0.1765625 0.0421875 0.0453125
1 0.8828125 0.90546875 0.0484375 0.040625
1 0.34375 0.70390625 0.0375 0.0484375
1 0.1734375 0.03046875 0.03515625 0.0578125
1 0.18203125 0.2203125 0.05703125 0.03125
1 0.27265625 0.80234375 0.03125 0.03125
1 0.6703125 0.88046875 0.05703125 0.02734375
1 0.16875 0.31953125 0.05234375 0.02890625
1 0.475 0.0328125 0.028125 0.05234375
1 0.91640625 0.7625 0.02890625 0.04765625
1 0.190625 0.36328125 0.059375 0.0421875
1 0.6234375 0.72109375 0.06015625 0.02890625
1 0.72578125 0.60859375 0.05390625 0.02890625
1 0.87109375 0.175 0.04140625 0.046875
1 0.728125 0.3984375 0.04375 0.04375
1 0.43203125 0.43515625 0.04140625 0.021875
1 0.4796875 0.37265625 0.0515625 0.03125
1 0.5953125 0.38984375 0.03828125 0.0453125
1 0.7046875 0.27421875 0.078125 0.05625
1 0.4171875 0.24765625 0.04765625 0.071875
1 0.465625 0.61171875 0.0609375 0.059375
1 0.403125 0.56484375 0.05703125 0.078125