1 0.30390625 0.44375 0.0640625 0.04296875
1 0.4921875 0.31953125 0.0609375 0.034375
1 0.63984375 0.0796875 0.0671875 0.034375
1 0.978125 0.28125 0.04375 0.04140625
1 0.7296875 0.58984375 0.0609375 0.034375
1 0.97421875 0.04375 0.0328125 0.06640625
1 0.09609375 0.84296875 0.05234375 0.05
1 0.4890625 0.146875 0.059375 0.05234375
1 0.6890625 0.43046875 0.06796875 0.0359375
1 0.19453125 0.7875 0.03515625 0.06171875
1 0.89296875 0.6265625 0.06484375 0.03828125
1 0.84609375 0.7453125 0.0515625 0.046875
1 0.953125 0.53515625 0.05859375 0.03125
1 0.9625 0.73125 0.0515625 0.04140625
1 0.9890625 0.8828125 0.0203125 0.0375
1 0.4046875 0.9859375 0.0625 0.02578125
1 0.7390625 0.1171875 0.065625 0.03515625
1 0.48203125 0.5359375 0.03671875 0.0609375
1 0.69140625 0.64609375 0.028125 0.03671875
1 0.43828125 0.33828125 0.03359375 0.0390625
0 0.225 0.2390625 0.10546875 0.1234375
1 0.68046875 0.79296875 0.0484375 0.02734375