1 0.63984375 0.4875 0.04765625 0.046875
1 0.23671875 0.58203125 0.03984375 0.04296875
1 0.90234375 0.728125 0.03359375 0.05546875
1 0.97265625 0.40546875 0.03515625 0.065625
1 0.421875 0.6140625 0.053125 0.03203125
1 0.3703125 0.49609375 0.05859375 0.03125
1 0.29921875 0.19375 0.0484375 0.06328125
1 0.3625 0.3296875 0.06875 0.04765625
1 0.1703125 0.4203125 0.06953125 0.05703125
1 0.2796875 0.85078125 0.05703125 0.0640625
1 0.05703125 0.87265625 0.059375 0.06328125
1 0.2546875 0.39296875 0.06484375 0.06171875
1 0.6953125 0.84296875 0.06640625 0.05234375
1 0.59140625 0.9484375 0.0515625 0.075
1 0.43671875 0.946875 0.07109375 0.0671875
1 0.32578125 0.7796875 0.07109375 0.03515625
1 0.3328125 0.6828125 0.08359375 0.03671875
1 0.85859375 0.9484375 0.0453125 0.06015625