1 0.0703125 0.8046875 0.0453125 0.04765625
1 0.35546875 0.3296875 0.0625 0.03125
1 0.69609375 0.6828125 0.0484375 0.05234375
1 0.56015625 0.15703125 0.0453125 0.040625
1 0.1140625 0.4234375 0.0390625 0.0515625
1 0.44609375 0.7359375 0.06015625 0.03359375
1 0.89765625 0.9296875 0.06484375 0.03515625
1 0.35625 0.04453125 0.03359375 0.059375
1 0.1546875 0.6 0.0328125 0.05078125
1 0.23515625 0.7625 0.03828125 0.02578125
1 0.709375 0.21953125 0.06328125 0.03984375
1 0.89609375 0.16796875 0.05 0.08515625
1 0.62265625 0.7953125 0.0328125 0.08984375
1 0.1453125 0.9390625 0.05390625 0.06796875