1 0.35 0.4875 0.0265625 0.06171875
1 0.74921875 0.665625 0.03046875 0.05390625
1 0.54140625 0.9578125 0.03046875 0.0546875
1 0.14375 0.1625 0.0484375 0.04296875
1 0.75078125 0.4421875 0.05234375 0.05234375
1 0.1671875 0.92890625 0.05078125 0.0421875
1 0.36171875 0.04375 0.05546875 0.0359375
1 0.8109375 0.88203125 0.06015625 0.03125
1 0.28359375 0.96015625 0.0546875 0.03046875
1 0.76328125 0.1078125 0.03125 0.06328125
1 0.034375 0.21328125 0.0375 0.05859375
1 0.57265625 0.48671875 0.03125 0.053125
1 0.3421875 0.84765625 0.053125 0.0265625
1 0.6609375 0.79453125 0.0453125 0.04296875
1 0.975 0.909375 0.04140625 0.05078125
1 0.18359375 0.49375 0.06015625 0.04140625
1 0.95078125 0.88671875 0.02734375 0.06484375
1 0.5421875 0.7765625 0.0359375 0.0390625
1 0.746875 0.87109375 0.025 0.0375
1 0.51015625 0.1625 0.0203125 0.05
1 0.49375 0.025 0.04453125 0.046875
1 0.4296875 0.6734375 0.03046875 0.0375
1 0.5546875 0.39765625 0.0703125 0.053125
1 0.26171875 0.5734375 0.0625 0.0765625
1 0.78046875 0.95625 0.0453125 0.071875
1 0.65625 0.9671875 0.08984375 0.046875