1 0.03125 0.3609375 0.03046875 0.06328125
1 0.48359375 0.89296875 0.0453125 0.04296875
1 0.92265625 0.89921875 0.0359375 0.053125
1 0.325 0.86953125 0.0375 0.0515625
1 0.87421875 0.7453125 0.0453125 0.03984375
1 0.13671875 0.4421875 0.05703125 0.03203125
1 0.9078125 0.0140625 0.04921875 0.02734375
1 0.52734375 0.79296875 0.065625 0.03046875
1 0.08828125 0.78125 0.03828125 0.04609375
1 0.08359375 0.225 0.0421875 0.046875
1 0.31015625 0.50078125 0.03203125 0.04453125
1 0.0109375 0.490625 0.021875 0.0578125
1 0.21953125 0.340625 0.02421875 0.04375
1 0.7921875 0.55 0.06328125 0.03359375
1 0.40390625 0.6359375 0.0390625 0.04375
1 0.26015625 0.7359375 0.05078125 0.03515625
1 0.32578125 0.2015625 0.0578125 0.03828125
1 0.1765625 0.7703125 0.028125 0.0546875
1 0.10625 0.55625 0.06640625 0.0359375
1 0.875 0.115625 0.02265625 0.04609375
1 0.66328125 0.6453125 0.03125 0.04296875
1 0.453125 0.48046875 0.03984375 0.0375
1 0.66484375 0.3625 0.06875 0.0796875
1 0.4109375 0.5546875 0.0875 0.05078125
1 0.17265625 0.08671875 0.053125 0.07578125