1 0.07109375 0.071875 0.04765625 0.0375
1 0.85625 0.83046875 0.04921875 0.03984375
1 0.13125 0.46953125 0.05078125 0.04296875
1 0.6265625 0.3609375 0.046875 0.03203125
1 0.03125 0.2109375 0.05546875 0.0296875
1 0.3796875 0.66640625 0.0328125 0.053125
1 0.18046875 0.68125 0.028125 0.06015625
1 0.0578125 0.35625 0.0359375 0.05234375
1 0.36484375 0.49765625 0.04296875 0.05
1 0.83671875 0.434375 0.04921875 0.05234375
1 0.42109375 0.98125 0.04453125 0.03359375
1 0.2140625 0.396875 0.0359375 0.04609375
1 0.58828125 0.48125 0.0453125 0.0796875
1 0.7625 0.5171875 0.065625 0.0484375
1 0.2859375 0.69765625 0.05703125 0.090625
1 0.53359375 0.56796875 0.075 0.0453125