1 0.8328125 0.54609375 0.03046875 0.05078125
1 0.76796875 0.92734375 0.0546875 0.02734375
1 0.871875 0.271875 0.0359375 0.05078125
1 0.96484375 0.5734375 0.03359375 0.06328125
1 0.7734375 0.2921875 0.04453125 0.04609375
1 0.50546875 0.059375 0.053125 0.03359375
1 0.93671875 0.128125 0.04609375 0.04765625
1 0.68828125 0.93984375 0.03828125 0.04296875
1 0.9890625 0.36171875 0.01875 0.0578125
1 0.1453125 0.9859375 0.021875 0.02578125
1 0.18828125 0.15859375 0.053125 0.06953125
1 0.54296875 0.87421875 0.0390625 0.084375