1 0.59296875 0.9234375 0.02890625 0.05390625
1 0.05859375 0.978125 0.02734375 0.04140625
1 0.3875 0.43203125 0.03046875 0.0625
1 0.875 0.13515625 0.03203125 0.06328125
1 0.07734375 0.921875 0.0390625 0.04609375
1 0.6 0.71484375 0.03203125 0.06484375
1 0.57265625 0.44375 0.0640625 0.03515625
1 0.35859375 0.27421875 0.06484375 0.03671875
1 0.146875 0.78515625 0.04140625 0.0546875
1 0.77109375 0.0265625 0.05390625 0.0359375
1 0.01796875 0.74375 0.0328125 0.03828125
1 0.24375 0.4359375 0.03125 0.0578125
1 0.8671875 0.71640625 0.065625 0.03125
1 0.353125 0.98984375 0.03984375 0.01640625
1 0.21015625 0.353125 0.0421875 0.02734375
1 0.1046875 0.65234375 0.0765625 0.046875
1 0.11015625 0.2046875 0.0484375 0.078125
1 0.39765625 0.93125 0.0953125 0.0703125