1 0.09765625 0.3765625 0.0234375 0.05078125
1 0.15234375 0.1109375 0.05 0.02578125
1 0.27890625 0.08984375 0.05859375 0.025
1 0.690625 0.9375 0.03125 0.05234375
1 0.0796875 0.640625 0.02109375 0.0359375
1 0.8140625 0.740625 0.04296875 0.0390625
1 0.95625 0.81328125 0.034375 0.04375
1 0.9578125 0.428125 0.0796875 0.05859375
1 0.70234375 0.79296875 0.03515625 0.08359375
1 0.30390625 0.92421875 0.06015625 0.08046875
1 0.51015625 0.56328125 0.0625 0.0765625
1 0.4828125 0.52734375 0.059375 0.0828125
1 0.353125 0.30625 0.06796875 0.06640625
1 0.084375 0.21875 0.0375 0.046875