1 0.940625 0.5734375 0.046875 0.02890625
1 0.4265625 0.05234375 0.03671875 0.05390625
1 0.53359375 0.1953125 0.04921875 0.0515625
1 0.19375 0.31328125 0.04921875 0.0421875
1 0.7578125 0.91171875 0.0625 0.03046875
1 0.51875 0.7890625 0.06484375 0.03671875
1 0.1140625 0.2015625 0.05390625 0.0390625
1 0.57578125 0.49453125 0.06015625 0.0359375
1 0.40234375 0.46953125 0.06796875 0.03125
1 0.1140625 0.06875 0.05703125 0.0265625
1 0.92734375 0.39453125 0.0390625 0.03203125
1 0.97265625 0.8140625 0.05078125 0.0390625
1 0.1359375 0.45703125 0.0421875 0.046875
1 0.6359375 0.11875 0.05390625 0.0328125
1 0.7390625 0.36640625 0.06171875 0.02890625
1 0.3859375 0.22734375 0.02890625 0.05703125
1 0.67578125 0.66484375 0.05234375 0.03125
1 0.2515625 0.275 0.04765625 0.040625
1 0.60859375 0.271875 0.0828125 0.0390625
1 0.29375 0.3875 0.0640625 0.0609375
1 0.26171875 0.146875 0.06328125 0.0625
1 0.2609375 0.18515625 0.04296875 0.06484375
1 0.60625 0.65859375 0.06875 0.03359375
0 0.825 0.77109375 0.075 0.0890625
0 0.8328125 0.88203125 0.10078125 0.07890625
1 0.1328125 0.5515625 0.03203125 0.0625
1 0.29921875 0.60703125 0.0546875 0.059375
1 0.16953125 0.015625 0.05390625 0.02578125
1 0.8234375 0.6515625 0.05390625 0.05