1 0.190625 0.39375 0.06640625 0.03984375
1 0.96875 0.2546875 0.05703125 0.034375
1 0.16328125 0.525 0.040625 0.053125
1 0.8234375 0.1515625 0.03359375 0.065625
1 0.234375 0.18125 0.04375 0.05
1 0.4640625 0.7375 0.04453125 0.0453125
1 0.5703125 0.56015625 0.06796875 0.0359375
1 0.26640625 0.6484375 0.0359375 0.0515625
1 0.9859375 0.50703125 0.0265625 0.0390625
1 0.01796875 0.46015625 0.02734375 0.0515625
1 0.990625 0.8703125 0.0171875 0.03359375
1 0.684375 0.990625 0.0484375 0.01484375
1 0.83125 0.68359375 0.05703125 0.03828125
1 0.8109375 0.06796875 0.0421875 0.03984375