1 0.33515625 0.21796875 0.0375 0.053125
1 0.7953125 0.39609375 0.05546875 0.0265625
1 0.5953125 0.22578125 0.05 0.04140625
1 0.6140625 0.6484375 0.0609375 0.0421875
1 0.97109375 0.51640625 0.05078125 0.02890625
1 0.41484375 0.59609375 0.046875 0.04921875
1 0.87578125 0.3890625 0.03125 0.05
1 0.2734375 0.771875 0.06171875 0.03125
1 0.00625 0.70859375 0.0125 0.03359375
1 0.78125 0.50078125 0.05 0.04453125
1 0.90234375 0.80703125 0.02890625 0.05703125
1 0.78359375 0.1328125 0.04609375 0.03203125
1 0.503125 0.80703125 0.059375 0.0609375
1 0.803125 0.86484375 0.06875 0.0765625