1 0.5703125 0.6546875 0.05234375 0.0484375
1 0.66484375 0.21015625 0.059375 0.03828125
1 0.68125 0.346875 0.0296875 0.06484375
1 0.4703125 0.03125 0.03359375 0.05078125
1 0.42890625 0.5140625 0.034375 0.05703125
1 0.9 0.20859375 0.059375 0.0421875
1 0.2625 0.09296875 0.03828125 0.05
1 0.440625 0.71640625 0.05625 0.0296875
1 0.0375 0.32265625 0.065625 0.034375
1 0.89453125 0.415625 0.034375 0.05390625
1 0.7359375 0.51015625 0.03828125 0.03828125
1 0.9453125 0.66953125 0.04921875 0.0453125
1 0.8171875 0.778125 0.0546875 0.03359375
1 0.39296875 0.4171875 0.03125 0.053125
1 0.5015625 0.1875 0.04609375 0.05234375
1 0.596875 0.425 0.02734375 0.0546875
1 0.025 0.4125 0.04140625 0.03984375
1 0.59921875 0.875 0.04921875 0.03828125
1 0.3671875 0.9359375 0.059375 0.03515625
1 0.23125 0.16171875 0.071875 0.0453125
1 0.3046875 0.74140625 0.04375 0.08671875
1 0.4234375 0.8671875 0.05 0.06875
1 0.2953125 0.24453125 0.07578125 0.04453125