1 0.02109375 0.0265625 0.034375 0.053125
1 0.82109375 0.29609375 0.034375 0.0578125
1 0.83828125 0.0953125 0.0265625 0.05703125
1 0.14609375 0.07109375 0.0390625 0.05234375
1 0.465625 0.3578125 0.0390625 0.053125
1 0.43125 0.7828125 0.04765625 0.05703125
1 0.20859375 0.90859375 0.0390625 0.04765625
1 0.3078125 0.82109375 0.05 0.04765625
1 0.29296875 0.4765625 0.034375 0.0578125
1 0.56875 0.66484375 0.03125 0.05859375
1 0.23359375 0.25 0.02734375 0.0609375
1 0.5859375 0.13984375 0.034375 0.053125
1 0.165625 0.71015625 0.0640625 0.03046875
1 0.3875 0.075 0.03046875 0.0609375
1 0.628125 0.4171875 0.03515625 0.0625
1 0.67734375 0.35859375 0.05625 0.03046875
1 0.4734375 0.53125 0.03125 0.05
1 0.11484375 0.24921875 0.05390625 0.02578125
1 0.60390625 0.74921875 0.0515625 0.03984375
1 0.19453125 0.44375 0.0375 0.0546875
1 0.42578125 0.24453125 0.03515625 0.040625
1 0.09609375 0.53125 0.04375 0.0484375
1 0.79140625 0.49375 0.05234375 0.04453125
1 0.00625 0.41953125 0.0125 0.04921875
1 0.46796875 0.93828125 0.071875 0.03359375
1 0.95703125 0.8640625 0.0203125 0.046875
1 0.33046875 0.21640625 0.0453125 0.075
1 0.8171875 0.046875 0.05703125 0.046875
1 0.2125 0.38515625 0.0546875 0.0734375