1 0.0546875 0.625 0.03046875 0.05390625
1 0.1921875 0.36171875 0.0375 0.0421875
1 0.09765625 0.75078125 0.05390625 0.02890625
1 0.03125 0.47890625 0.040625 0.028125
1 0.415625 0.66328125 0.04375 0.03203125
1 0.64609375 0.30390625 0.05625 0.03125
0 0.24921875 0.0375 0.103125 0.06875
1 0.91484375 0.41328125 0.0296875 0.05078125
1 0.84140625 0.021875 0.01953125 0.03828125
0 0.909375 0.79296875 0.09453125 0.18046875
0 0.04609375 0.9125 0.0828125 0.12265625
1 0.596875 0.95703125 0.059375 0.04765625
1 0.58359375 0.5296875 0.0421875 0.0609375