1 0.9265625 0.22109375 0.046875 0.04765625
1 0.11484375 0.4765625 0.040625 0.04609375
1 0.44296875 0.76875 0.05703125 0.03515625
1 0.19921875 0.921875 0.03828125 0.0625
1 0.734375 0.95546875 0.05859375 0.03203125
1 0.31171875 0.66484375 0.04296875 0.053125
1 0.875 0.478125 0.02890625 0.04765625
1 0.73515625 0.7125 0.04375 0.03984375
1 0.403125 0.071875 0.03046875 0.0609375
1 0.8109375 0.56015625 0.04296875 0.03671875
1 0.1703125 0.1078125 0.0546875 0.03125
1 0.97734375 0.72734375 0.04375 0.03671875
1 0.50078125 0.61953125 0.06015625 0.02734375
1 0.9875 0.11640625 0.02265625 0.03671875
1 0.52265625 0.5265625 0.05625 0.03359375
1 0.1984375 0.58984375 0.04921875 0.040625
1 0.7265625 0.390625 0.05625 0.0375
1 0.71328125 0.15546875 0.0703125 0.03125
1 0.4828125 0.9234375 0.03828125 0.05625
1 0.73046875 0.59453125 0.0484375 0.03203125
1 0.27734375 0.34453125 0.04765625 0.02890625
1 0.81796875 0.321875 0.0375 0.04609375
1 0.853125 0.74921875 0.040625 0.03125
1 0.3734375 0.26484375 0.046875 0.0921875
1 0.85 0.35546875 0.0390625 0.046875