1 0.43203125 0.50546875 0.06171875 0.0296875
1 0.22265625 0.43359375 0.05234375 0.0375
1 0.75859375 0.2625 0.05625 0.02734375
1 0.096875 0.496875 0.05625 0.0375
1 0.48046875 0.62578125 0.0578125 0.0453125
1 0.33203125 0.65546875 0.0640625 0.03359375
1 0.82109375 0.98046875 0.0421875 0.0375
1 0.64375 0.684375 0.05625 0.028125
1 0.990625 0.978125 0.0171875 0.04296875
1 0.98515625 0.22890625 0.02578125 0.046875
1 0.03671875 0.12109375 0.0515625 0.03046875
1 0.34921875 0.23046875 0.05625 0.028125
1 0.30625 0.55234375 0.04609375 0.034375
1 0.940625 0.5796875 0.05859375 0.03125
1 0.83828125 0.5109375 0.05703125 0.0359375
1 0.87734375 0.75703125 0.05703125 0.0328125
1 0.98046875 0.48515625 0.0375 0.03125
1 0.49453125 0.1109375 0.05703125 0.03046875
1 0.778125 0.690625 0.040625 0.0359375
1 0.92734375 0.38671875 0.06171875 0.03046875
1 0.33671875 0.00859375 0.034375 0.01640625
1 0.61640625 0.29375 0.0921875 0.0609375