1 0.9203125 0.47890625 0.065625 0.0359375
1 0.54609375 0.43046875 0.04296875 0.05703125
1 0.97265625 0.94140625 0.05 0.034375
1 0.0671875 0.39453125 0.04609375 0.05390625
1 0.3765625 0.31171875 0.05078125 0.0453125
1 0.71875 0.4046875 0.06171875 0.040625
1 0.64453125 0.56875 0.0578125 0.0390625
1 0.325 0.696875 0.0484375 0.03359375
1 0.971875 0.59140625 0.05625 0.0359375
1 0.34765625 0.10078125 0.06171875 0.03125
1 0.95234375 0.3546875 0.03203125 0.0703125
1 0.1421875 0.87578125 0.02734375 0.05546875
1 0.8046875 0.72890625 0.034375 0.0609375
1 0.9359375 0.20703125 0.06328125 0.03125
1 0.009375 0.23046875 0.01875 0.05390625
1 0.509375 0.9734375 0.034375 0.046875
1 0.6296875 0.240625 0.06484375 0.0328125
1 0.4609375 0.75078125 0.0625 0.04609375
1 0.2890625 0.93203125 0.0296875 0.05859375
1 0.621875 0.06875 0.03125 0.0578125
1 0.80546875 0.56796875 0.059375 0.03984375
1 0.1546875 0.6890625 0.05625 0.03984375
1 0.58515625 0.89296875 0.05390625 0.02890625
1 0.87265625 0.03125 0.04296875 0.046875
1 0.32734375 0.490625 0.059375 0.03515625
1 0.0171875 0.97421875 0.02734375 0.0359375
1 0.02421875 0.6796875 0.040625 0.04765625
1 0.82109375 0.13359375 0.028125 0.05859375
1 0.775 0.98671875 0.040625 0.0265625
1 0.265625 0.8671875 0.03125 0.071875
1 0.17734375 0.21484375 0.0453125 0.0796875
1 0.1671875 0.0546875 0.053125 0.05625
1 0.29921875 0.05390625 0.0859375 0.0484375