1 0.103125 0.3921875 0.065625 0.0421875
1 0.61875 0.09921875 0.05234375 0.05234375
1 0.20625 0.74140625 0.0359375 0.05390625
1 0.553125 0.46484375 0.0453125 0.05078125
1 0.72109375 0.090625 0.03203125 0.06328125
1 0.95703125 0.096875 0.0671875 0.03828125
1 0.79921875 0.2609375 0.04375 0.05859375
1 0.24765625 0.4984375 0.0328125 0.06171875
1 0.04375 0.7421875 0.05859375 0.02890625
1 0.3359375 0.91796875 0.04296875 0.04765625
1 0.81875 0.08515625 0.05546875 0.04140625
1 0.32109375 0.79296875 0.05859375 0.04453125
1 0.803125 0.8609375 0.03125 0.06015625
1 0.19375 0.0703125 0.065625 0.0359375
1 0.98046875 0.89296875 0.0375 0.03359375
1 0.27421875 0.1796875 0.0640625 0.034375
1 0.03984375 0.190625 0.04140625 0.05
1 0.54296875 0.18828125 0.0578125 0.0453125
1 0.4140625 0.6609375 0.03125 0.05234375
1 0.7265625 0.29375 0.0359375 0.05546875
1 0.47109375 0.79453125 0.0546875 0.0421875
1 0.12109375 0.02421875 0.075 0.034375
1 0.80625 0.765625 0.0578125 0.03828125
1 0.11796875 0.175 0.03515625 0.06875
1 0.6921875 0.453125 0.05 0.046875
1 0.078125 0.975 0.034375 0.05
1 0.61875 0.64375 0.0765625 0.07109375
1 0.82578125 0.54765625 0.05546875 0.06328125
1 0.6484375 0.91796875 0.0921875 0.0453125
1 0.615625 0.96015625 0.0484375 0.075