1 0.32109375 0.02578125 0.028125 0.0515625
1 0.19609375 0.7203125 0.05625 0.0375
1 0.95390625 0.8625 0.04921875 0.05078125
1 0.54921875 0.08203125 0.04453125 0.0546875
1 0.49921875 0.259375 0.034375 0.0515625
1 0.7171875 0.63359375 0.04453125 0.059375
1 0.68515625 0.2453125 0.05 0.0421875
1 0.91015625 0.66171875 0.03515625 0.04609375
1 0.034375 0.9046875 0.0609375 0.03046875
1 0.80078125 0.50546875 0.06484375 0.02890625
1 0.96875 0.9625 0.03828125 0.06015625
1 0.2875 0.29765625 0.03203125 0.0703125
1 0.38203125 0.8421875 0.03125 0.0421875
1 0.0859375 0.19140625 0.03828125 0.05
1 0.390625 0.6765625 0.04296875 0.0359375
1 0.7484375 0.41015625 0.04609375 0.053125
1 0.1484375 0.51796875 0.05625 0.03359375
1 0.50859375 0.0234375 0.02265625 0.04453125
1 0.56328125 0.396875 0.03203125 0.059375
1 0.80625 0.171875 0.03671875 0.0484375
1 0.0859375 0.696875 0.06484375 0.05390625