1 0.309375 0.26796875 0.0625 0.03671875
1 0.44140625 0.9125 0.02890625 0.053125
1 0.44140625 0.22578125 0.03515625 0.065625
1 0.78671875 0.0703125 0.059375 0.04609375
1 0.57265625 0.059375 0.06796875 0.03984375
1 0.134375 0.32109375 0.0609375 0.028125
1 0.8703125 0.90078125 0.0515625 0.03984375
1 0.90703125 0.784375 0.06875 0.03125
1 0.9171875 0.43125 0.03046875 0.05234375
1 0.634375 0.44296875 0.0484375 0.03359375
1 0.72890625 0.70234375 0.0625 0.034375
1 0.05078125 0.34296875 0.02890625 0.0515625
1 0.4046875 0.4078125 0.05390625 0.040625
1 0.3609375 0.98125 0.01953125 0.0375
1 0.2390625 0.6234375 0.0484375 0.040625
1 0.459375 0.26484375 0.0296875 0.0484375
1 0.5828125 0.80078125 0.05859375 0.0375
1 0.75546875 0.97890625 0.0578125 0.03359375