1 0.109375 0.309375 0.0734375 0.053125
1 0.6953125 0.97109375 0.0890625 0.03828125
1 0.9171875 0.5328125 0.06953125 0.0375
1 0.85234375 0.08984375 0.07265625 0.0578125
1 0.6640625 0.06640625 0.03828125 0.0640625
1 0.3625 0.24296875 0.0515625 0.07109375
1 0.4875 0.421875 0.05 0.0671875
1 0.49140625 0.74140625 0.03984375 0.08125
1 0.41484375 0.653125 0.0703125 0.0390625
1 0.6953125 0.3 0.04296875 0.0796875
1 0.5984375 0.25625 0.07734375 0.05546875
1 0.9859375 0.6375 0.02578125 0.04140625
1 0.64375 0.10234375 0.06953125 0.05390625