1 0.43125 0.48125 0.0671875 0.03203125
1 0.74609375 0.63046875 0.0390625 0.06875
1 0.79609375 0.0921875 0.0640625 0.0328125
1 0.80546875 0.76640625 0.0625 0.0359375
1 0.934375 0.7953125 0.03515625 0.0578125
1 0.55078125 0.1703125 0.06484375 0.034375
1 0.0875 0.865625 0.0375 0.05546875
1 0.6546875 0.35078125 0.0640625 0.0359375
1 0.546875 0.7625 0.0546875 0.04375
1 0.565625 0.3796875 0.07265625 0.03515625
1 0.69140625 0.12734375 0.0703125 0.03515625
1 0.93984375 0.96015625 0.0671875 0.03515625
1 0.68671875 0.8890625 0.0546875 0.0375
1 0.9828125 0.246875 0.03203125 0.02734375
1 0.76640625 0.24453125 0.046875 0.03984375
1 0.44140625 0.975 0.04453125 0.04453125
1 0.57109375 0.5890625 0.0671875 0.0296875
1 0.3109375 0.32421875 0.05859375 0.0390625
0 0.053125 0.39609375 0.08046875 0.0859375
1 0.38359375 0.89765625 0.05078125 0.0296875
1 0.70390625 0.6484375 0.0453125 0.0734375
1 0.98359375 0.50234375 0.0328125 0.06953125
1 0.921875 0.04609375 0.05 0.0609375
1 0.76796875 0.02265625 0.04453125 0.040625
1 0.0171875 0.1578125 0.03046875 0.05234375
1 0.025 0.57734375 0.04609375 0.05625
1 0.0515625 0.69921875 0.053125 0.03671875
1 0.17109375 0.6140625 0.03828125 0.0421875