1 0.69453125 0.7625 0.04296875 0.05546875
1 0.58671875 0.471875 0.03203125 0.06171875
1 0.17265625 0.95546875 0.03203125 0.06484375
1 0.77265625 0.52734375 0.05390625 0.04765625
1 0.44453125 0.61953125 0.05234375 0.03125
1 0.89453125 0.603125 0.05703125 0.03046875
1 0.44453125 0.3859375 0.053125 0.0453125
1 0.1921875 0.12578125 0.03828125 0.05859375
1 0.13515625 0.44453125 0.04140625 0.0578125
1 0.34609375 0.91328125 0.06796875 0.034375
1 0.475 0.98359375 0.034375 0.0328125
1 0.2453125 0.58203125 0.05546875 0.03359375