1 0.13125 0.3015625 0.0453125 0.05625
1 0.084375 0.49453125 0.05390625 0.0515625
1 0.440625 0.54765625 0.03125 0.0625
1 0.88359375 0.72890625 0.04140625 0.05625
1 0.63515625 0.8109375 0.03828125 0.059375
1 0.37890625 0.75234375 0.03203125 0.059375
1 0.19296875 0.9515625 0.03359375 0.059375
1 0.8078125 0.359375 0.06015625 0.0390625
1 0.6953125 0.3 0.0359375 0.0671875
1 0.378125 0.103125 0.028125 0.04921875
1 0.5484375 0.2234375 0.04765625 0.05859375
1 0.84765625 0.24765625 0.0296875 0.0625
1 0.84921875 0.02734375 0.0703125 0.03359375
1 0.57421875 0.97265625 0.0296875 0.053125
1 0.653125 0.14375 0.0296875 0.065625
1 0.80703125 0.55859375 0.04296875 0.040625
1 0.29453125 0.37578125 0.0515625 0.08359375