1 0.65703125 0.51796875 0.06328125 0.03125
1 0.7671875 0.40390625 0.06171875 0.0296875
1 0.24453125 0.87421875 0.028125 0.04921875
1 0.4546875 0.07265625 0.05546875 0.0359375
1 0.5875 0.27265625 0.05078125 0.04453125
1 0.28203125 0.3296875 0.05234375 0.028125
1 0.64609375 0.71015625 0.05625 0.0296875
1 0.0171875 0.16796875 0.034375 0.0296875
1 0.84140625 0.7015625 0.05234375 0.03359375
1 0.80234375 0.98359375 0.04609375 0.021875
1 0.590625 0.1546875 0.0375 0.075
1 0.64375 0.40546875 0.06171875 0.0453125