1 0.85859375 0.91484375 0.02890625 0.0609375
1 0.35546875 0.03046875 0.0265625 0.05625
1 0.2328125 0.0578125 0.0328125 0.0609375
1 0.92265625 0.14921875 0.06171875 0.0328125
1 0.9671875 0.73359375 0.04140625 0.04609375
1 0.30234375 0.53515625 0.0734375 0.05546875
1 0.55625 0.7921875 0.04140625 0.05
1 0.509375 0.53828125 0.04453125 0.0375
0 0.5140625 0.15390625 0.09453125 0.13828125
1 0.70234375 0.540625 0.053125 0.03046875
1 0.58046875 0.66171875 0.0296875 0.05078125
1 0.534375 0.27421875 0.046875 0.0859375
1 0.29921875 0.29765625 0.0609375 0.0546875
1 0.81484375 0.34609375 0.0296875 0.0484375
1 0.68515625 0.921875 0.0390625 0.059375
1 0.9015625 0.60234375 0.03125 0.0296875