1 0.24453125 0.7875 0.04296875 0.05078125
1 0.78671875 0.13203125 0.0265625 0.06328125
1 0.70625 0.590625 0.0515625 0.05
1 0.9671875 0.05703125 0.065625 0.0328125
1 0.1140625 0.94140625 0.07421875 0.0375
1 0.2734375 0.7140625 0.03828125 0.071875
1 0.80078125 0.459375 0.03203125 0.06484375
1 0.56640625 0.6453125 0.05078125 0.04375
1 0.70234375 0.83984375 0.0359375 0.05546875
1 0.18984375 0.2046875 0.06171875 0.0375
1 0.68046875 0.0875 0.0546875 0.04140625
1 0.43984375 0.81015625 0.059375 0.0375
1 0.13984375 0.41640625 0.05390625 0.03359375
1 0.1296875 0.609375 0.06015625 0.0421875
1 0.14375 0.98359375 0.040625 0.0328125
1 0.9140625 0.36484375 0.04921875 0.06640625
1 0.971875 0.8234375 0.05625 0.034375
1 0.278125 0.06171875 0.05078125 0.03671875
1 0.42734375 0.8984375 0.03359375 0.0578125
1 0.5828125 0.96875 0.040625 0.0546875
1 0.11171875 0.01640625 0.03515625 0.0296875
1 0.39453125 0.29765625 0.0671875 0.0703125
1 0.271875 0.96328125 0.046875 0.0640625
1 0.16796875 0.803125 0.0359375 0.06875