1 0.2046875 0.68125 0.04140625 0.05078125
1 0.70703125 0.2984375 0.053125 0.02890625
1 0.0234375 0.7953125 0.0328125 0.05234375
1 0.94375 0.840625 0.04140625 0.04453125
1 0.853125 0.38359375 0.02578125 0.06953125
1 0.63515625 0.14921875 0.0515625 0.0359375
1 0.28828125 0.27421875 0.06640625 0.03359375
1 0.5359375 0.44765625 0.05703125 0.0296875
1 0.496875 0.6640625 0.05234375 0.03125
1 0.18984375 0.97109375 0.03125 0.05
1 0.44609375 0.24453125 0.0359375 0.0546875
1 0.31015625 0.61796875 0.053125 0.02890625
1 0.82578125 0.60703125 0.08203125 0.0640625
1 0.48515625 0.87265625 0.0734375 0.0390625