1 0.01640625 0.78203125 0.03046875 0.05625
1 0.340625 0.1921875 0.05234375 0.04375
1 0.878125 0.03984375 0.06875 0.03671875
1 0.06484375 0.075 0.06171875 0.0328125
1 0.82421875 0.4109375 0.03984375 0.06171875
1 0.77421875 0.134375 0.0265625 0.0515625
1 0.06015625 0.0390625 0.0625 0.02734375
1 0.778125 0.778125 0.0359375 0.04765625
1 0.634375 0.8796875 0.06484375 0.0328125
1 0.16953125 0.94453125 0.04453125 0.0375
1 0.434375 0.8359375 0.03359375 0.04453125
1 0.703125 0.28671875 0.0390625 0.03671875
1 0.76875 0.61015625 0.040625 0.04375
1 0.4328125 0.98359375 0.02734375 0.03203125
1 0.96640625 0.7078125 0.0609375 0.040625
1 0.79453125 0.24375 0.0515625 0.065625