1 0.09375 0.265625 0.04453125 0.06796875
1 0.83984375 0.81640625 0.04609375 0.0671875
1 0.1109375 0.4734375 0.05390625 0.05078125
1 0.440625 0.10078125 0.040625 0.09453125
1 0.64765625 0.5703125 0.06484375 0.03671875
1 0.4609375 0.47109375 0.0546875 0.03125
1 0.9734375 0.87421875 0.02734375 0.06796875
1 0.396875 0.9515625 0.0390625 0.071875
1 0.75546875 0.1515625 0.03046875 0.1109375
1 0.7984375 0.3703125 0.05859375 0.07578125
1 0.92265625 0.3328125 0.06484375 0.084375
1 0.32421875 0.69921875 0.06640625 0.07734375