1 0.76484375 0.86640625 0.040625 0.0546875
1 0.3765625 0.8 0.05625 0.03828125
1 0.6953125 0.71875 0.0546875 0.02578125
1 0.3140625 0.596875 0.03515625 0.0484375
1 0.48671875 0.484375 0.0578125 0.03203125
1 0.52421875 0.94453125 0.05546875 0.0265625
1 0.184375 0.4328125 0.0515625 0.0296875
1 0.59765625 0.3 0.02578125 0.0515625
1 0.05546875 0.35 0.025 0.04765625
1 0.0921875 0.8375 0.04609375 0.0265625
1 0.18125 0.55078125 0.04140625 0.05
1 0.80625 0.06328125 0.0703125 0.05625
1 0.971875 0.8875 0.053125 0.071875
1 0.19921875 0.79375 0.05078125 0.0796875