1 0.13515625 0.0953125 0.0453125 0.04296875
1 0.50078125 0.64921875 0.0296875 0.06015625
1 0.4796875 0.27265625 0.03515625 0.0453125
1 0.02890625 0.7609375 0.05 0.03671875
1 0.34765625 0.4375 0.06328125 0.02890625
1 0.60859375 0.2765625 0.03359375 0.05546875
1 0.85234375 0.746875 0.06484375 0.03046875
1 0.11640625 0.60390625 0.05625 0.034375
1 0.74375 0.53125 0.0265625 0.05703125
1 0.0734375 0.4140625 0.0390625 0.04765625
1 0.60546875 0.878125 0.03125 0.0625
1 0.49765625 0.9078125 0.0453125 0.04609375
1 0.31640625 0.3125 0.05703125 0.0328125
1 0.2109375 0.29921875 0.05390625 0.03203125
1 0.14765625 0.98671875 0.03671875 0.0265625
1 0.72734375 0.24296875 0.06796875 0.03203125
1 0.52890625 0.40546875 0.03671875 0.0546875
1 0.43984375 0.56171875 0.03515625 0.05390625
1 0.778125 0.94453125 0.05390625 0.028125
1 0.8453125 0.0609375 0.059375 0.0328125
1 0.33046875 0.13671875 0.03125 0.0453125
1 0.859375 0.3015625 0.0640625 0.03046875
1 0.68671875 0.0625 0.03359375 0.05625
1 0.0625 0.453125 0.05625 0.02890625
1 0.24375 0.69375 0.0515625 0.04453125
1 0.14140625 0.8671875 0.053125 0.08046875
1 0.73984375 0.29921875 0.05390625 0.059375
1 0.82109375 0.1734375 0.0671875 0.05078125
1 0.03671875 0.27890625 0.05703125 0.07734375
1 0.52109375 0.14140625 0.0734375 0.04765625
1 0.3609375 0.67578125 0.05234375 0.04609375