1 0.67109375 0.26640625 0.0296875 0.053125
1 0.52890625 0.228125 0.034375 0.05
1 0.15546875 0.49296875 0.05390625 0.0421875
1 0.971875 0.1078125 0.028125 0.05234375
1 0.9703125 0.83203125 0.05703125 0.03046875
1 0.42890625 0.465625 0.06015625 0.0296875
1 0.11328125 0.28203125 0.03984375 0.034375
1 0.81796875 0.4734375 0.02421875 0.0515625
1 0.7375 0.16484375 0.025 0.0625
1 0.85390625 0.78046875 0.05546875 0.02578125
1 0.325 0.2234375 0.03125 0.0546875
1 0.01171875 0.6359375 0.0234375 0.053125
1 0.50625 0.709375 0.06796875 0.0359375
1 0.334375 0.8015625 0.059375 0.03671875
1 0.40234375 0.70390625 0.06328125 0.03671875
1 0.62734375 0.453125 0.06328125 0.03359375
1 0.9125 0.2265625 0.040625 0.09375
1 0.0421875 0.92265625 0.06875 0.0796875
1 0.03828125 0.86328125 0.0703125 0.0296875
1 0.3046875 0.0703125 0.090625 0.04375