1 0.11875 0.83125 0.03046875 0.05234375
1 0.32265625 0.85625 0.0328125 0.05859375
1 0.4109375 0.43515625 0.05390625 0.034375
1 0.1953125 0.16875 0.06328125 0.03125
1 0.9203125 0.90625 0.0421875 0.03984375
1 0.0515625 0.3078125 0.0484375 0.03984375
1 0.365625 0.1296875 0.03828125 0.04375
1 0.3734375 0.61953125 0.040625 0.0796875
1 0.2734375 0.77421875 0.065625 0.0703125
1 0.90390625 0.9328125 0.0765625 0.05625
1 0.078125 0.27578125 0.059375 0.0671875
1 0.40234375 0.371875 0.0671875 0.05
1 0.19609375 0.53046875 0.0703125 0.0421875
1 0.7359375 0.221875 0.08125 0.046875