1 0.534375 0.821875 0.05234375 0.0265625
1 0.1125 0.65546875 0.05 0.03046875
1 0.6515625 0.6765625 0.0640625 0.0328125
1 0.153125 0.2578125 0.0296875 0.04921875
1 0.05625 0.59296875 0.03515625 0.03828125
1 0.79296875 0.065625 0.02734375 0.059375
1 0.43984375 0.95390625 0.03515625 0.040625
1 0.13125 0.9640625 0.0296875 0.04921875
1 0.13359375 0.51796875 0.0453125 0.03671875
1 0.26015625 0.63515625 0.05390625 0.0328125
1 0.721875 0.0203125 0.05546875 0.03203125
1 0.29375 0.86171875 0.05546875 0.03203125
1 0.59453125 0.13125 0.0609375 0.03359375
1 0.75 0.93125 0.03125 0.03125
1 0.5390625 0.953125 0.06015625 0.03359375
1 0.4453125 0.55234375 0.0390625 0.046875
1 0.65078125 0.46484375 0.02734375 0.04375
1 0.3203125 0.4671875 0.02578125 0.02890625
1 0.2828125 0.56171875 0.0734375 0.03984375
1 0.5953125 0.73828125 0.05546875 0.0515625
1 0.734375 0.48671875 0.03828125 0.05859375