1 0.16953125 0.9703125 0.03671875 0.05
1 0.38515625 0.2796875 0.05546875 0.0421875
1 0.55859375 0.503125 0.06015625 0.053125
1 0.90078125 0.596875 0.05 0.053125
1 0.35546875 0.903125 0.0515625 0.02734375
1 0.609375 0.8140625 0.03203125 0.06171875
1 0.478125 0.45625 0.0359375 0.0640625
1 0.3296875 0.60390625 0.06796875 0.03046875
1 0.071875 0.8203125 0.03515625 0.046875
1 0.7015625 0.14375 0.0296875 0.0546875
0 0.1640625 0.14609375 0.1234375 0.1546875
1 0.39140625 0.0734375 0.03359375 0.0671875
1 0.54765625 0.06953125 0.05 0.06640625
1 0.71484375 0.628125 0.08671875 0.04140625