1 0.4296875 0.925 0.05625 0.02890625
1 0.58984375 0.96796875 0.03046875 0.0546875
1 0.028125 0.6484375 0.0296875 0.05859375
1 0.303125 0.0359375 0.040625 0.0515625
1 0.35625 0.265625 0.0625 0.0328125
1 0.190625 0.42265625 0.0359375 0.0515625
1 0.49140625 0.03046875 0.0296875 0.0578125
1 0.6859375 0.15859375 0.02890625 0.06640625
1 0.92421875 0.4046875 0.05703125 0.03359375
1 0.5421875 0.5375 0.0703125 0.034375
1 0.8484375 0.6578125 0.05234375 0.03046875
1 0.85 0.878125 0.02734375 0.05703125
1 0.025 0.4203125 0.0453125 0.03203125
1 0.60625 0.74140625 0.0296875 0.034375
1 0.20859375 0.290625 0.03125 0.059375
1 0.2515625 0.77890625 0.03515625 0.0515625
1 0.690625 0.9796875 0.03125 0.040625
1 0.721875 0.2515625 0.03515625 0.0453125
1 0.01796875 0.8265625 0.02578125 0.04140625
1 0.99296875 0.79609375 0.0109375 0.05234375
1 0.790625 0.3625 0.0453125 0.03984375
1 0.22265625 0.2265625 0.046875 0.04140625
1 0.23125 0.15 0.06953125 0.05703125
1 0.06171875 0.12734375 0.046875 0.075
1 0.92421875 0.57265625 0.0609375 0.04140625