1 0.1046875 0.86796875 0.04921875 0.0375
1 0.7453125 0.4890625 0.0578125 0.04140625
1 0.61796875 0.74453125 0.059375 0.03828125
1 0.3421875 0.090625 0.046875 0.05390625
1 0.50234375 0.571875 0.0625 0.0359375
1 0.67265625 0.52890625 0.0453125 0.05078125
1 0.7515625 0.3765625 0.04375 0.05703125
1 0.07578125 0.59140625 0.0421875 0.05390625
1 0.81640625 0.628125 0.03515625 0.065625
1 0.86953125 0.1828125 0.05625 0.03046875
1 0.0078125 0.4828125 0.015625 0.05234375
1 0.2078125 0.61796875 0.046875 0.0484375
1 0.23515625 0.31796875 0.0484375 0.0453125
1 0.64140625 0.86171875 0.071875 0.0359375
1 0.35859375 0.8609375 0.0453125 0.05390625
1 0.62578125 0.646875 0.05546875 0.04765625
1 0.90078125 0.87578125 0.03984375 0.05546875
1 0.54765625 0.0265625 0.03515625 0.04765625
1 0.38125 0.30703125 0.03671875 0.05234375
1 0.390625 0.94375 0.028125 0.0546875
1 0.61015625 0.171875 0.0578125 0.03984375
1 0.98359375 0.4203125 0.03125 0.0375
1 0.484375 0.353125 0.04140625 0.0546875
1 0.015625 0.32265625 0.02578125 0.06875
1 0.39375 0.5046875 0.0375 0.02578125
1 0.9328125 0.29296875 0.065625 0.034375
1 0.925 0.68125 0.04375 0.06328125
1 0.36015625 0.66640625 0.040625 0.0390625
1 0.640625 0.309375 0.0390625 0.0765625
1 0.7796875 0.1109375 0.03125 0.08203125
1 0.48828125 0.1625 0.046875 0.08203125
1 0.1421875 0.78125 0.0546875 0.07421875