1 0.684375 0.7609375 0.025 0.0578125
1 0.878125 0.34921875 0.0515625 0.040625
1 0.7953125 0.540625 0.05 0.0296875
1 0.703125 0.428125 0.06171875 0.028125
1 0.384375 0.5984375 0.02265625 0.05390625
1 0.159375 0.58046875 0.05546875 0.02734375
1 0.36015625 0.8984375 0.03046875 0.053125
1 0.91328125 0.22421875 0.05 0.03203125
1 0.4609375 0.2046875 0.04921875 0.03203125
1 0.46640625 0.15625 0.0515625 0.0296875
1 0.69921875 0.271875 0.03984375 0.04296875
1 0.2046875 0.77578125 0.065625 0.05078125
1 0.40703125 0.478125 0.05390625 0.025
1 0.925 0.784375 0.02578125 0.05078125
1 0.79921875 0.18515625 0.0578125 0.0265625
1 0.59765625 0.0359375 0.0515625 0.0265625
1 0.43671875 0.8328125 0.06171875 0.028125
1 0.0234375 0.221875 0.034375 0.040625
1 0.53359375 0.93125 0.06953125 0.0328125
1 0.83359375 0.08828125 0.0578125 0.02734375
1 0.58046875 0.7421875 0.028125 0.0421875
1 0.30234375 0.9171875 0.021875 0.04765625
1 0.57265625 0.5921875 0.02265625 0.04609375
1 0.21640625 0.17265625 0.02265625 0.0453125
1 0.05390625 0.73125 0.021875 0.0453125
1 0.9921875 0.85390625 0.0125 0.02890625
1 0.52578125 0.42734375 0.03515625 0.0265625
1 0.48515625 0.271875 0.0609375 0.0296875
0 0.28984375 0.28203125 0.115625 0.08515625
1 0.334375 0.76328125 0.0359375 0.071875
1 0.80546875 0.75 0.03671875 0.065625