1 0.54453125 0.79609375 0.06171875 0.03359375
1 0.03984375 0.478125 0.03984375 0.0609375
1 0.45703125 0.95859375 0.04921875 0.05078125
1 0.5015625 0.61796875 0.0359375 0.05859375
1 0.86875 0.359375 0.03359375 0.065625
1 0.0796875 0.8796875 0.053125 0.03515625
1 0.9375 0.43046875 0.03984375 0.0546875
1 0.4078125 0.76640625 0.04921875 0.053125
1 0.8453125 0.8703125 0.0640625 0.03515625
1 0.63671875 0.0796875 0.04296875 0.065625
1 0.9328125 0.06796875 0.06328125 0.0359375
1 0.12734375 0.04296875 0.04765625 0.06015625
1 0.50546875 0.22421875 0.04921875 0.04296875
1 0.2171875 0.6375 0.034375 0.06484375
1 0.60546875 0.671875 0.0390625 0.065625
1 0.678125 0.4703125 0.0640625 0.03359375
1 0.8140625 0.50234375 0.06875 0.034375
1 0.3234375 0.41796875 0.06875 0.03359375
1 0.94140625 0.7828125 0.04296875 0.06171875
1 0.0359375 0.10390625 0.03203125 0.05078125
1 0.76796875 0.984375 0.0359375 0.028125
1 0.53984375 0.5078125 0.0515625 0.0375
1 0.62265625 0.3171875 0.04609375 0.06484375
1 0.7984375 0.21640625 0.02890625 0.06484375
1 0.21484375 0.2734375 0.05390625 0.0453125
1 0.1140625 0.1625 0.06015625 0.04140625
1 0.21875 0.92265625 0.06875 0.03671875
1 0.04140625 0.71640625 0.0453125 0.05234375
1 0.275 0.65625 0.05 0.04453125