1 0.08125 0.4484375 0.03125 0.0609375
1 0.49609375 0.41484375 0.02890625 0.0578125
1 0.18359375 0.56640625 0.06484375 0.0328125
1 0.765625 0.14921875 0.065625 0.03515625
1 0.44296875 0.76015625 0.03984375 0.04453125
1 0.7328125 0.88046875 0.03046875 0.0640625
1 0.596875 0.2140625 0.034375 0.06328125
1 0.7203125 0.0453125 0.0328125 0.0515625
1 0.878125 0.621875 0.08046875 0.0421875
1 0.653125 0.53828125 0.03203125 0.06796875
1 0.3609375 0.03046875 0.025 0.05234375
1 0.2890625 0.79375 0.028125 0.053125
1 0.1015625 0.7359375 0.0625 0.03046875
1 0.9265625 0.3265625 0.05390625 0.03828125
1 0.521875 0.92578125 0.03359375 0.05078125
1 0.69921875 0.2515625 0.03125 0.0609375
1 0.825 0.46015625 0.028125 0.05703125
1 0.8765625 0.84453125 0.03984375 0.0484375
1 0.2015625 0.6171875 0.059375 0.03359375
1 0.92890625 0.02421875 0.03125 0.04296875
1 0.52578125 0.10078125 0.06328125 0.0390625
1 0.57578125 0.9859375 0.03984375 0.028125
1 0.50625 0.28671875 0.04375 0.0796875
1 0.3203125 0.65078125 0.0390625 0.07421875
1 0.3109375 0.0484375 0.0421875 0.0828125