1 0.45859375 0.10703125 0.06015625 0.04453125
1 0.159375 0.65234375 0.046875 0.059375
1 0.7328125 0.39609375 0.06171875 0.05390625
1 0.22265625 0.15078125 0.08359375 0.04921875
1 0.490625 0.48671875 0.06953125 0.03203125
1 0.11171875 0.21875 0.075 0.03515625
1 0.115625 0.134375 0.07578125 0.0484375
1 0.05234375 0.73828125 0.06015625 0.03828125
1 0.02578125 0.2828125 0.04765625 0.046875
1 0.2046875 0.49375 0.0859375 0.02890625
1 0.10078125 0.51171875 0.07109375 0.0421875
1 0.146875 0.425 0.075 0.05546875
1 0.2140625 0.30859375 0.04296875 0.0546875
1 0.053125 0.64296875 0.05546875 0.02890625
1 0.7078125 0.78828125 0.10390625 0.0453125
1 0.296875 0.64765625 0.06328125 0.03984375