1 0.64765625 0.8671875 0.065625 0.04453125
1 0.7796875 0.40390625 0.05078125 0.04921875
1 0.2984375 0.8046875 0.05859375 0.03203125
1 0.44375 0.48125 0.0625 0.04140625
1 0.19296875 0.321875 0.03671875 0.05625
1 0.7546875 0.98125 0.0515625 0.0296875
1 0.690625 0.27109375 0.03046875 0.0515625
1 0.1671875 0.9234375 0.0296875 0.05625
1 0.8125 0.70625 0.02578125 0.05078125
1 0.78359375 0.59140625 0.059375 0.034375
1 0.86015625 0.17109375 0.028125 0.0546875
1 0.0171875 0.0125 0.03046875 0.025
1 0.9609375 0.2953125 0.0375 0.05703125
1 0.43828125 0.196875 0.03203125 0.05234375
1 0.24765625 0.49296875 0.03984375 0.05
1 0.05078125 0.45234375 0.03125 0.05859375
1 0.01640625 0.86015625 0.03203125 0.05078125
1 0.6703125 0.634375 0.02890625 0.05859375
1 0.8953125 0.05703125 0.03359375 0.04921875
1 0.03828125 0.5890625 0.05625 0.02734375
1 0.60546875 0.36328125 0.02734375 0.06015625
1 0.1921875 0.10078125 0.04765625 0.04140625
1 0.36796875 0.63984375 0.04453125 0.03984375
1 0.540625 0.94296875 0.0421875 0.040625
1 0.05234375 0.22421875 0.08046875 0.04296875