1 0.928125 0.58671875 0.02890625 0.0515625
1 0.7078125 0.07109375 0.028125 0.05
1 0.65703125 0.4390625 0.05390625 0.0328125
1 0.759375 0.20546875 0.05859375 0.03359375
1 0.6640625 0.95390625 0.04921875 0.034375
1 0.9625 0.73828125 0.03984375 0.04765625
1 0.2171875 0.546875 0.02890625 0.05
1 0.84296875 0.76640625 0.09140625 0.05625
1 0.82421875 0.63671875 0.0609375 0.0296875
1 0.9171875 0.10859375 0.03203125 0.0453125
1 0.134375 0.29296875 0.04296875 0.04140625
1 0.60234375 0.6203125 0.02734375 0.0421875
1 0.49140625 0.315625 0.03359375 0.040625
1 0.96171875 0.34375 0.03125 0.04140625
1 0.1609375 0.66171875 0.065625 0.0390625
1 0.40234375 0.7671875 0.0734375 0.046875
1 0.59296875 0.7828125 0.0609375 0.071875
1 0.4109375 0.546875 0.040625 0.05625
1 0.38671875 0.0875 0.0515625 0.06875