1 0.3265625 0.12265625 0.04140625 0.0546875
1 0.3484375 0.796875 0.0484375 0.03828125
1 0.38203125 0.49453125 0.04140625 0.05625
1 0.1 0.60546875 0.06015625 0.0359375
1 0.41875 0.959375 0.0625 0.034375
1 0.68046875 0.73046875 0.059375 0.03671875
1 0.1625 0.575 0.05078125 0.05390625
1 0.74765625 0.890625 0.0640625 0.02890625
1 0.371875 0.0765625 0.0421875 0.0640625
1 0.13828125 0.4171875 0.04296875 0.0546875
1 0.24765625 0.8296875 0.05625 0.05
1 0.0375 0.146875 0.034375 0.0625
1 0.5984375 0.3625 0.05078125 0.0359375