1 0.1484375 0.0546875 0.059375 0.0296875
1 0.20390625 0.7140625 0.034375 0.059375
1 0.1421875 0.54609375 0.03046875 0.0609375
1 0.21796875 0.853125 0.0578125 0.0359375
1 0.3546875 0.52578125 0.0453125 0.04609375
1 0.6359375 0.0578125 0.06015625 0.03515625
1 0.11328125 0.1671875 0.03671875 0.05625
1 0.0375 0.4703125 0.059375 0.0296875
1 0.75390625 0.2921875 0.05078125 0.03515625
1 0.68203125 0.04375 0.05234375 0.02578125
1 0.63203125 0.90625 0.0671875 0.046875
1 0.3546875 0.28203125 0.0296875 0.053125
1 0.4265625 0.42734375 0.0328125 0.05078125
1 0.08203125 0.384375 0.0515625 0.0359375
1 0.64609375 0.3515625 0.02734375 0.05390625
1 0.41171875 0.72578125 0.04453125 0.0375
1 0.471875 0.9375 0.03125 0.04375
1 0.80546875 0.11171875 0.06484375 0.028125
1 0.5109375 0.4078125 0.03984375 0.03046875
1 0.51875 0.23671875 0.0296875 0.06015625
1 0.0578125 0.98203125 0.02734375 0.0359375
1 0.8984375 0.428125 0.0375 0.0328125
1 0.02109375 0.28359375 0.03359375 0.0328125
1 0.3953125 0.0203125 0.04765625 0.034375
1 0.01328125 0.16484375 0.0265625 0.0234375
1 0.52109375 0.57578125 0.059375 0.0703125
1 0.67109375 0.5640625 0.04453125 0.09140625
1 0.24765625 0.2328125 0.04296875 0.0859375
1 0.3890625 0.82578125 0.0734375 0.05625
1 0.40390625 0.11953125 0.05859375 0.071875