1 0.159375 0.959375 0.06015625 0.03046875
1 0.01875 0.0703125 0.03203125 0.03515625
1 0.74375 0.3640625 0.06640625 0.02890625
1 0.896875 0.625 0.02578125 0.0359375
1 0.69296875 0.54453125 0.046875 0.03671875
1 0.63359375 0.16484375 0.04921875 0.04296875
1 0.89609375 0.98671875 0.05 0.0265625
1 0.840625 0.1609375 0.0578125 0.03359375
1 0.240625 0.59609375 0.0515625 0.03671875
1 0.4671875 0.5921875 0.0328125 0.0421875
1 0.4171875 0.51640625 0.02890625 0.0546875
1 0.37421875 0.8390625 0.034375 0.0546875
1 0.28125 0.38125 0.0421875 0.03515625
1 0.359375 0.340625 0.0875 0.028125
1 0.33984375 0.42109375 0.0546875 0.0546875
1 0.05078125 0.39140625 0.0734375 0.0703125
1 0.15234375 0.2828125 0.0640625 0.071875
1 0.52421875 0.48125 0.0484375 0.06875
1 0.88828125 0.74609375 0.0671875 0.0703125
1 0.62265625 0.87734375 0.0578125 0.0703125
1 0.1921875 0.83203125 0.05625 0.0515625
1 0.49765625 0.2609375 0.0484375 0.0625
1 0.81171875 0.08515625 0.0578125 0.0671875