1 0.7578125 0.53515625 0.03984375 0.04921875
1 0.15625 0.265625 0.03515625 0.04453125
1 0.16484375 0.51484375 0.0328125 0.04609375
1 0.084375 0.515625 0.0625 0.0359375
1 0.39453125 0.48984375 0.03125 0.05234375
1 0.79296875 0.46328125 0.02734375 0.05
1 0.93203125 0.1203125 0.0578125 0.034375
1 0.03359375 0.29375 0.053125 0.03671875
1 0.853125 0.3296875 0.040625 0.0453125
1 0.0671875 0.72265625 0.0640625 0.03046875
1 0.1484375 0.6640625 0.02421875 0.0484375
1 0.3109375 0.67734375 0.05546875 0.0328125
1 0.35078125 0.990625 0.0390625 0.01796875
1 0.225 0.16796875 0.059375 0.04296875
1 0.628125 0.8609375 0.0296875 0.04765625
1 0.75703125 0.275 0.05234375 0.0796875