1 0.23203125 0.87890625 0.0359375 0.059375
1 0.503125 0.06796875 0.03359375 0.05546875
1 0.78359375 0.27109375 0.05546875 0.03515625
1 0.0234375 0.7328125 0.0328125 0.0578125
1 0.92265625 0.11328125 0.0375 0.05625
1 0.71484375 0.9671875 0.0703125 0.03359375
1 0.8609375 0.38671875 0.03359375 0.065625
1 0.79296875 0.59921875 0.06171875 0.03046875
1 0.834375 0.67734375 0.03359375 0.05703125
1 0.70625 0.5 0.065625 0.03046875
1 0.528125 0.7 0.0421875 0.05
1 0.36015625 0.10390625 0.053125 0.0359375
1 0.4328125 0.9859375 0.053125 0.02734375
1 0.4328125 0.46171875 0.0875 0.0609375
1 0.1984375 0.225 0.071875 0.046875
1 0.08515625 0.97578125 0.071875 0.040625
1 0.2421875 0.0765625 0.0703125 0.05078125