1 0.36796875 0.35703125 0.03984375 0.05859375
1 0.95703125 0.45 0.0453125 0.046875
1 0.6515625 0.05546875 0.0296875 0.06171875
1 0.5359375 0.98203125 0.04375 0.0359375
1 0.9421875 0.6890625 0.03125 0.05078125
1 0.08515625 0.4359375 0.04296875 0.04296875
1 0.3015625 0.7296875 0.065625 0.0328125
1 0.83984375 0.540625 0.0546875 0.034375
1 0.0390625 0.8609375 0.03203125 0.06484375
1 0.11015625 0.071875 0.0546875 0.02734375
1 0.42578125 0.05078125 0.059375 0.03671875
1 0.98828125 0.69921875 0.02265625 0.05
1 0.30234375 0.30546875 0.0390625 0.034375
1 0.3109375 0.16328125 0.0640625 0.03046875
1 0.01640625 0.315625 0.03046875 0.05078125
1 0.07578125 0.978125 0.04921875 0.0375
1 0.87890625 0.41796875 0.05859375 0.0546875
1 0.48828125 0.7546875 0.05078125 0.0375
1 0.509375 0.43828125 0.04296875 0.0609375
1 0.5671875 0.1265625 0.0328125 0.05078125