1 0.03125 0.809375 0.046875 0.04453125
1 0.903125 0.7171875 0.06796875 0.04140625
1 0.15859375 0.853125 0.0390625 0.053125
1 0.246875 0.80546875 0.059375 0.04296875
1 0.23125 0.03984375 0.0671875 0.03203125
1 0.32265625 0.209375 0.0453125 0.0453125
1 0.55546875 0.7625 0.05078125 0.0359375
1 0.25625 0.58828125 0.05234375 0.05
1 0.78984375 0.0578125 0.053125 0.0328125
1 0.4984375 0.48203125 0.0546875 0.02890625
1 0.853125 0.95546875 0.0609375 0.03125
1 0.58515625 0.04140625 0.0515625 0.0359375
1 0.39609375 0.6171875 0.05390625 0.03984375
1 0.7625 0.51875 0.05859375 0.04296875
1 0.18359375 0.6171875 0.03515625 0.06484375
1 0.90390625 0.4140625 0.0421875 0.04921875
1 0.35 0.475 0.053125 0.0390625
1 0.01640625 0.7171875 0.028125 0.0515625
1 0.67109375 0.97265625 0.0375 0.05234375
1 0.03203125 0.346875 0.03359375 0.05625
1 0.00859375 0.5203125 0.0171875 0.0375
1 0.6421875 0.1890625 0.0609375 0.0359375
1 0.0921875 0.2859375 0.078125 0.0640625
1 0.45625 0.9265625 0.05625 0.0796875
1 0.6828125 0.32890625 0.0796875 0.053125