1 0.53046875 0.3859375 0.04140625 0.0296875
1 0.1703125 0.640625 0.0515625 0.03359375
1 0.51640625 0.05234375 0.0515625 0.03125
1 0.96640625 0.10546875 0.04609375 0.04609375
1 0.009375 0.4875 0.01875 0.04765625
1 0.365625 0.94296875 0.046875 0.03671875
1 0.33984375 0.8578125 0.0640625 0.0328125
1 0.9359375 0.51171875 0.04609375 0.0390625
1 0.015625 0.94609375 0.02734375 0.03359375
1 0.98125 0.83671875 0.0375 0.02734375
1 0.18828125 0.553125 0.07734375 0.0453125
1 0.20078125 0.21796875 0.0578125 0.09296875
1 0.0328125 0.3859375 0.05625 0.07578125