1 0.54453125 0.8640625 0.0390625 0.06171875
1 0.4984375 0.51796875 0.0484375 0.04453125
1 0.91328125 0.24375 0.03046875 0.071875
1 0.7640625 0.67578125 0.03203125 0.06171875
1 0.48984375 0.25546875 0.071875 0.05
1 0.87734375 0.12734375 0.0515625 0.05390625
1 0.8125 0.42109375 0.0671875 0.03828125
1 0.04609375 0.68515625 0.05859375 0.0359375
1 0.7875 0.975 0.04140625 0.05
1 0.9734375 0.48984375 0.05 0.04375
1 0.74921875 0.11796875 0.07578125 0.03984375
1 0.96484375 0.640625 0.0703125 0.03671875
1 0.584375 0.65390625 0.02578125 0.05234375
1 0.79765625 0.84609375 0.075 0.03359375
1 0.0125 0.50859375 0.02421875 0.03984375
1 0.06796875 0.95 0.046875 0.0515625
1 0.32265625 0.23984375 0.05859375 0.0375
1 0.25859375 0.41171875 0.028125 0.053125
1 0.29296875 0.47265625 0.07109375 0.03359375
1 0.2921875 0.678125 0.03125 0.0578125
1 0.1359375 0.41953125 0.0375 0.0453125
1 0.78515625 0.28203125 0.065625 0.03046875
1 0.0078125 0.815625 0.015625 0.04375
1 0.5171875 0.40390625 0.0453125 0.0515625
1 0.959375 0.83515625 0.05 0.0375
1 0.909375 0.0265625 0.05859375 0.03671875
1 0.15 0.23046875 0.06796875 0.0359375
1 0.0140625 0.2265625 0.02734375 0.04765625
1 0.62265625 0.778125 0.04921875 0.03515625
1 0.46796875 0.6453125 0.06875 0.103125
1 0.33125 0.0328125 0.06875 0.046875
1 0.64375 0.1078125 0.06875 0.046875
1 0.1921875 0.871875 0.0484375 0.071875