1 0.05390625 0.0859375 0.04609375 0.046875
1 0.11796875 0.496875 0.040625 0.0421875
1 0.2078125 0.18515625 0.05078125 0.046875
1 0.73515625 0.9375 0.04140625 0.05
1 0.06875 0.2828125 0.0515625 0.03125
1 0.34765625 0.15859375 0.06484375 0.0328125
1 0.34375 0.84375 0.05625 0.0296875
1 0.9546875 0.1171875 0.0328125 0.0578125
1 0.0703125 0.66640625 0.06875 0.0328125
1 0.81875 0.36640625 0.0453125 0.03671875
1 0.53046875 0.334375 0.06796875 0.034375
1 0.38984375 0.63828125 0.03359375 0.05234375
1 0.6859375 0.1296875 0.0609375 0.0296875
1 0.9265625 0.69296875 0.046875 0.03125
1 0.6484375 0.7875 0.0640625 0.03203125
1 0.22578125 0.928125 0.040625 0.0578125
1 0.27421875 0.6578125 0.059375 0.04140625
1 0.83125 0.09453125 0.04609375 0.03515625
1 0.52734375 0.62109375 0.05234375 0.04453125
1 0.9015625 0.27109375 0.05390625 0.03125
1 0.98359375 0.54453125 0.0328125 0.03203125
1 0.2046875 0.38671875 0.03359375 0.053125
1 0.98203125 0.4765625 0.0359375 0.034375
1 0.24609375 0.384375 0.03125 0.05625
1 0.00625 0.20625 0.0125 0.0328125
1 0.759375 0.38671875 0.04765625 0.0703125
1 0.7796875 0.1609375 0.034375 0.0703125