1 0.5546875 0.37265625 0.07109375 0.034375
1 0.70625 0.56328125 0.04140625 0.053125
1 0.528125 0.70625 0.03359375 0.065625
1 0.1171875 0.97421875 0.07109375 0.0328125
1 0.95546875 0.02265625 0.03359375 0.04296875
1 0.6015625 0.46171875 0.04453125 0.0515625
1 0.9015625 0.321875 0.03984375 0.05234375
1 0.62109375 0.69765625 0.0296875 0.05546875
1 0.878125 0.11640625 0.06015625 0.02890625
1 0.7375 0.08203125 0.059375 0.028125
1 0.1875 0.784375 0.025 0.05546875
1 0.51796875 0.221875 0.04453125 0.04765625
1 0.44453125 0.25234375 0.06328125 0.03203125
1 0.41953125 0.1375 0.0625 0.03125
1 0.815625 0.9171875 0.03125 0.05859375
1 0.171875 0.05078125 0.03046875 0.0546875
1 0.7171875 0.82421875 0.06015625 0.0375
1 0.928125 0.7125 0.0515625 0.03359375
1 0.30859375 0.96875 0.06015625 0.040625
1 0.8609375 0.48515625 0.025 0.0578125
1 0.4546875 0.8640625 0.04921875 0.046875
1 0.44765625 0.378125 0.03046875 0.0671875
1 0.3859375 0.30859375 0.03984375 0.05
1 0.74296875 0.2125 0.03125 0.0421875
1 0.18671875 0.390625 0.05234375 0.03515625
1 0.60390625 0.965625 0.03359375 0.0515625
1 0.01484375 0.79296875 0.02890625 0.04609375
1 0.03828125 0.06484375 0.0265625 0.05078125
1 0.00703125 0.15234375 0.0140625 0.04296875
1 0.20703125 0.2359375 0.0640625 0.065625
1 0.38359375 0.7765625 0.05 0.05
1 0.40390625 0.721875 0.0359375 0.075
1 0.58671875 0.909375 0.05 0.0546875
1 0.42734375 0.03515625 0.03828125 0.065625