1 0.6734375 0.29609375 0.04296875 0.04765625
1 0.32890625 0.30078125 0.0453125 0.05234375
1 0.03125 0.24609375 0.05546875 0.03984375
1 0.5265625 0.0859375 0.065625 0.0296875
1 0.8390625 0.1125 0.04453125 0.0328125
1 0.86328125 0.7375 0.0390625 0.05
1 0.95234375 0.53984375 0.05625 0.04296875
1 0.03515625 0.5984375 0.059375 0.02890625
1 0.6140625 0.86015625 0.04765625 0.0703125
1 0.4890625 0.8546875 0.034375 0.05703125
1 0.43828125 0.24140625 0.0328125 0.05703125
1 0.378125 0.73984375 0.0609375 0.03046875
1 0.73125 0.9109375 0.05234375 0.0375
1 0.5515625 0.5359375 0.03515625 0.04765625
1 0.18203125 0.415625 0.04609375 0.0328125
1 0.6296875 0.6109375 0.0359375 0.046875
1 0.06796875 0.08984375 0.05703125 0.02890625
1 0.72421875 0.459375 0.040625 0.08125
1 0.86484375 0.3609375 0.06328125 0.059375
1 0.10390625 0.91171875 0.0515625 0.06015625
1 0.3140625 0.83984375 0.059375 0.06171875