1 0.2796875 0.51796875 0.05234375 0.0484375
1 0.64765625 0.85703125 0.06328125 0.06015625
1 0.109375 0.2828125 0.0765625 0.04921875
1 0.21484375 0.85390625 0.028125 0.0609375
1 0.575 0.89140625 0.0671875 0.034375
1 0.3171875 0.68515625 0.0421875 0.0578125
1 0.9125 0.8765625 0.06875 0.06953125
1 0.88984375 0.0859375 0.05859375 0.05
1 0.1 0.7375 0.05625 0.053125
1 0.02109375 0.4046875 0.04140625 0.0453125
1 0.0859375 0.82890625 0.05859375 0.04609375
1 0.46796875 0.74140625 0.05234375 0.05234375
1 0.09375 0.078125 0.04765625 0.07578125
1 0.26171875 0.7984375 0.0859375 0.053125
1 0.0453125 0.9328125 0.065625 0.059375
1 0.025 0.8234375 0.046875 0.05625
1 0.13515625 0.90859375 0.0609375 0.0453125
1 0.3921875 0.6640625 0.065625 0.0625
1 0.3984375 0.5203125 0.05 0.05