1 0.61953125 0.353125 0.06484375 0.03046875
1 0.25 0.9203125 0.06640625 0.025
1 0.97890625 0.54140625 0.04140625 0.034375
1 0.0890625 0.96640625 0.02578125 0.05546875
1 0.8234375 0.47265625 0.05234375 0.04296875
1 0.5015625 0.59765625 0.0609375 0.03671875
1 0.290625 0.72265625 0.0484375 0.04453125
1 0.3671875 0.13046875 0.02578125 0.0546875
1 0.8765625 0.85078125 0.0578125 0.02578125
1 0.38984375 0.96015625 0.02734375 0.05234375
1 0.934375 0.95390625 0.03046875 0.04609375
1 0.871875 0.55859375 0.04765625 0.03359375
1 0.2171875 0.6796875 0.0375 0.075
1 0.13046875 0.58828125 0.07265625 0.03671875
1 0.12109375 0.6796875 0.04375 0.0734375
1 0.2234375 0.79453125 0.04765625 0.07734375
1 0.83359375 0.7625 0.0546875 0.05546875
1 0.5421875 0.62265625 0.04765625 0.06484375
1 0.53046875 0.153125 0.0765625 0.0484375
1 0.63125 0.03046875 0.0390625 0.053125
1 0.6890625 0.13671875 0.06328125 0.0515625
1 0.890625 0.02421875 0.06015625 0.0453125