1 0.83046875 0.05546875 0.04453125 0.0546875
1 0.590625 0.79140625 0.03984375 0.05
1 0.29296875 0.61015625 0.04765625 0.06640625
1 0.26640625 0.4546875 0.02734375 0.0609375
1 0.4265625 0.8109375 0.0296875 0.05390625
1 0.45390625 0.6796875 0.059375 0.0359375
1 0.875 0.97734375 0.0421875 0.04140625
1 0.6359375 0.23046875 0.0375 0.05625
1 0.40390625 0.40546875 0.0609375 0.03203125
1 0.44375 0.53046875 0.04765625 0.0375
1 0.26953125 0.16328125 0.046875 0.040625
0 0.659375 0.953125 0.15625 0.08671875