1 0.28359375 0.8546875 0.04375 0.0578125
1 0.13984375 0.87578125 0.0578125 0.03046875
1 0.98671875 0.78203125 0.0234375 0.05859375
1 0.0796875 0.509375 0.03203125 0.05859375
1 0.26953125 0.440625 0.04375 0.06171875
1 0.72265625 0.721875 0.059375 0.046875
1 0.03046875 0.23203125 0.05625 0.03046875
1 0.53671875 0.66171875 0.0546875 0.0375
1 0.0546875 0.97890625 0.03671875 0.04140625
1 0.71015625 0.37265625 0.04453125 0.03984375
1 0.84140625 0.49609375 0.034375 0.04453125
1 0.2484375 0.625 0.03828125 0.0375
1 0.4734375 0.378125 0.0546875 0.0625
1 0.228125 0.25859375 0.0484375 0.0265625
1 0.22421875 0.69609375 0.0296875 0.04453125
1 0.39453125 0.03125 0.05625 0.0515625
1 0.38984375 0.23046875 0.05 0.03984375
1 0.621875 0.2578125 0.06015625 0.03046875
1 0.44140625 0.45625 0.06953125 0.07265625
1 0.4984375 0.56171875 0.059375 0.053125
1 0.6734375 0.525 0.05703125 0.04375
1 0.7546875 0.22890625 0.02578125 0.05703125