1 0.45 0.56171875 0.0578125 0.0515625
1 0.684375 0.61875 0.03828125 0.06171875
1 0.596875 0.46015625 0.075 0.0265625
1 0.56953125 0.3609375 0.06015625 0.03203125
1 0.6546875 0.32421875 0.0390625 0.065625
1 0.81875 0.41796875 0.06875 0.028125
1 0.91875 0.62578125 0.07265625 0.03359375
1 0.8515625 0.69921875 0.04375 0.0578125
1 0.71640625 0.959375 0.05078125 0.0671875
1 0.41796875 0.85546875 0.07734375 0.04140625
1 0.040625 0.3109375 0.06875 0.06171875
1 0.1609375 0.1234375 0.0703125 0.053125
1 0.37421875 0.15234375 0.0515625 0.065625
1 0.25859375 0.31171875 0.0546875 0.04765625
1 0.5625 0.1515625 0.06953125 0.04140625
1 0.70703125 0.73359375 0.06875 0.04375
1 0.8765625 0.27578125 0.07109375 0.05