1 0.928125 0.028125 0.040625 0.05390625
1 0.84453125 0.7484375 0.06484375 0.03828125
1 0.16484375 0.73359375 0.02890625 0.0640625
1 0.7234375 0.91640625 0.06796875 0.03125
1 0.56796875 0.16015625 0.0296875 0.0578125
1 0.0953125 0.21953125 0.04921875 0.0484375
1 0.32265625 0.5734375 0.0421875 0.06171875
1 0.59921875 0.06796875 0.0484375 0.04375
1 0.403125 0.16015625 0.04140625 0.0484375
1 0.31171875 0.19609375 0.0578125 0.040625
1 0.20390625 0.3359375 0.03671875 0.05078125
1 0.94375 0.28359375 0.06640625 0.02890625
1 0.875 0.490625 0.06171875 0.03203125
1 0.903125 0.20078125 0.059375 0.03515625
1 0.1125 0.55703125 0.02734375 0.0484375
1 0.65078125 0.33046875 0.0828125 0.0421875
1 0.65625 0.27578125 0.06875 0.0484375
1 0.825 0.08984375 0.084375 0.0515625
1 0.59453125 0.48984375 0.0828125 0.0515625