1 0.91796875 0.61875 0.0609375 0.03203125
1 0.64765625 0.60703125 0.04765625 0.03515625
1 0.7015625 0.6703125 0.0640625 0.040625
1 0.49375 0.92265625 0.0359375 0.059375
1 0.5265625 0.74609375 0.06796875 0.03984375
1 0.56796875 0.49609375 0.0546875 0.04296875
1 0.659375 0.94609375 0.0484375 0.04140625
1 0.90078125 0.378125 0.0578125 0.034375
1 0.93046875 0.97890625 0.0671875 0.03203125
1 0.834375 0.10234375 0.03671875 0.05859375
1 0.1984375 0.4234375 0.05 0.046875
0 0.215625 0.94921875 0.07265625 0.1015625
1 0.190625 0.76171875 0.0265625 0.06171875
1 0.71640625 0.05859375 0.0359375 0.028125
1 0.27109375 0.97265625 0.046875 0.0390625
0 0.9828125 0.30390625 0.034375 0.1171875
1 0.0078125 0.65 0.015625 0.059375
1 0.18125 0.046875 0.03515625 0.078125
1 0.028125 0.38125 0.05625 0.04296875
1 0.04375 0.8625 0.0609375 0.0953125
1 0.73359375 0.3140625 0.040625 0.03515625
1 0.3765625 0.15234375 0.06640625 0.05859375