1 0.0453125 0.75390625 0.03671875 0.06015625
1 0.17109375 0.62109375 0.0625 0.03203125
1 0.440625 0.4671875 0.0515625 0.05234375
1 0.36015625 0.58125 0.04921875 0.05390625
1 0.09375 0.3234375 0.03125 0.0609375
1 0.371875 0.18046875 0.0671875 0.0375
1 0.0859375 0.44140625 0.06484375 0.04375
1 0.584375 0.3890625 0.03359375 0.06484375
1 0.3109375 0.42265625 0.0359375 0.05546875
1 0.84609375 0.3671875 0.0265625 0.0515625
1 0.97734375 0.2015625 0.0453125 0.0328125
1 0.059375 0.15234375 0.05859375 0.03515625
1 0.64765625 0.46015625 0.05078125 0.03203125
0 0.7046875 0.25625 0.13125 0.09921875
1 0.7515625 0.9390625 0.0328125 0.0625
1 0.29375 0.87578125 0.04375 0.03203125
1 0.52265625 0.459375 0.034375 0.04765625