1 0.23125 0.3453125 0.0625 0.0328125
1 0.1375 0.25859375 0.034375 0.05078125
1 0.3203125 0.5390625 0.03203125 0.053125
1 0.0859375 0.025 0.0296875 0.0453125
1 0.271875 0.97265625 0.05078125 0.03515625
1 0.10390625 0.91953125 0.0296875 0.05546875
1 0.10078125 0.71484375 0.05 0.03828125
1 0.49375 0.3828125 0.03671875 0.053125
1 0.865625 0.02578125 0.03046875 0.05
1 0.009375 0.41796875 0.01875 0.0546875
1 0.44453125 0.9703125 0.03828125 0.04140625
1 0.3125 0.76328125 0.046875 0.025
1 0.74921875 0.94375 0.0640625 0.0625
1 0.43515625 0.60546875 0.03515625 0.08203125