1 0.75390625 0.80078125 0.05625 0.03203125
1 0.09765625 0.87890625 0.07265625 0.03359375
1 0.61875 0.14765625 0.02734375 0.05
1 0.44765625 0.24609375 0.03125 0.05859375
1 0.29453125 0.909375 0.0234375 0.04140625
1 0.51171875 0.62421875 0.04296875 0.071875
1 0.84375 0.9203125 0.078125 0.03515625
1 0.11796875 0.7109375 0.0328125 0.0859375
1 0.09296875 0.4625 0.0328125 0.0703125
1 0.09453125 0.03203125 0.02890625 0.053125
1 0.46015625 0.025 0.0640625 0.046875
1 0.75 0.17578125 0.0625 0.03515625
1 0.603125 0.0734375 0.06640625 0.06015625
1 0.63125 0.428125 0.08203125 0.0546875
1 0.8453125 0.08125 0.0390625 0.05234375