1 0.6203125 0.96484375 0.0484375 0.0453125
1 0.1859375 0.1703125 0.04921875 0.04140625
1 0.9203125 0.14296875 0.0546875 0.0296875
1 0.284375 0.93984375 0.059375 0.028125
1 0.07734375 0.07109375 0.0515625 0.0359375
1 0.9265625 0.7171875 0.05546875 0.0296875
1 0.55546875 0.3421875 0.05390625 0.03359375
1 0.4234375 0.66015625 0.0515625 0.0328125
1 0.1359375 0.76484375 0.04453125 0.02890625
1 0.290625 0.8453125 0.0234375 0.0453125
1 0.28203125 0.596875 0.0390625 0.04453125
1 0.9671875 0.26875 0.04921875 0.03125
1 0.359375 0.4453125 0.07421875 0.08203125
1 0.39765625 0.36640625 0.0453125 0.071875
1 0.18125 0.8484375 0.05859375 0.071875
1 0.903125 0.48515625 0.0921875 0.0640625
1 0.903125 0.94375 0.053125 0.0859375