1 0.50546875 0.10078125 0.0640625 0.046875
1 0.325 0.06015625 0.06640625 0.0625
1 0.0328125 0.33203125 0.05078125 0.03984375
1 0.6875 0.11796875 0.05390625 0.0796875
1 0.58125 0.30546875 0.065625 0.08515625
1 0.8234375 0.284375 0.0640625 0.08203125
1 0.77265625 0.81796875 0.03671875 0.16328125
1 0.5984375 0.68515625 0.06875 0.09765625
1 0.35625 0.70546875 0.06640625 0.07578125
1 0.440625 0.49296875 0.03671875 0.128125
1 0.18671875 0.615625 0.0265625 0.1328125
1 0.03125 0.33828125 0.05625 0.06328125
1 0.2359375 0.90078125 0.05703125 0.11171875
1 0.38828125 0.84453125 0.0421875 0.08828125
1 0.20078125 0.68125 0.02421875 0.05546875
1 0.8796875 0.83203125 0.0328125 0.10078125