1 0.75625 0.134375 0.04609375 0.0546875
1 0.65234375 0.05 0.06796875 0.03203125
1 0.78515625 0.87109375 0.06796875 0.0390625
1 0.08671875 0.50546875 0.0796875 0.0390625
1 0.37734375 0.5015625 0.0578125 0.034375
1 0.70546875 0.778125 0.0703125 0.03046875
1 0.0359375 0.19765625 0.0296875 0.0640625
1 0.6578125 0.55390625 0.065625 0.03671875
1 0.5140625 0.975 0.0328125 0.03984375
1 0.8515625 0.3015625 0.0390625 0.06875
1 0.98515625 0.38515625 0.0296875 0.0578125
1 0.98046875 0.96953125 0.0390625 0.05625
1 0.0375 0.6953125 0.04296875 0.078125