1 0.66015625 0.7828125 0.05234375 0.0328125
1 0.80390625 0.1015625 0.02421875 0.053125
1 0.36171875 0.4171875 0.0625 0.03046875
1 0.48671875 0.5796875 0.02265625 0.04921875
1 0.0234375 0.57265625 0.04453125 0.03828125
0 0.56015625 0.35859375 0.06875 0.10703125
1 0.79921875 0.5046875 0.046875 0.05234375
1 0.4875 0.90546875 0.0265625 0.0515625
1 0.45703125 0.8640625 0.02265625 0.05234375
1 0.3375 0.03203125 0.040625 0.02578125
1 0.428125 0.79609375 0.0328125 0.05625
1 0.409375 0.125 0.0296875 0.025
1 0.69453125 0.4890625 0.04609375 0.0328125
1 0.32734375 0.2203125 0.04921875 0.03125
1 0.76015625 0.365625 0.02265625 0.0484375
1 0.76015625 0.82578125 0.05 0.028125
1 0.1578125 0.2953125 0.021875 0.05
1 0.52890625 0.01640625 0.040625 0.028125
1 0.64140625 0.73828125 0.03046875 0.04375
1 0.6625 0.31328125 0.0421875 0.03203125
1 0.10078125 0.1078125 0.04609375 0.02890625
1 0.1609375 0.73828125 0.03828125 0.0265625
1 0.64375 0.0359375 0.03671875 0.03984375
1 0.3359375 0.26953125 0.046875 0.05
1 0.6703125 0.9015625 0.05703125 0.0484375