1 0.66875 0.55078125 0.028125 0.0640625
1 0.76484375 0.35234375 0.02734375 0.05859375
1 0.8484375 0.46875 0.03203125 0.05546875
1 0.0125 0.73515625 0.025 0.0359375
1 0.134375 0.09296875 0.0546875 0.0375
1 0.296875 0.8359375 0.03828125 0.071875
1 0.4859375 0.02890625 0.0375 0.053125
1 0.03203125 0.96640625 0.05703125 0.03046875
1 0.9421875 0.36328125 0.05625 0.03828125
1 0.59453125 0.33125 0.0578125 0.0359375
1 0.36328125 0.48359375 0.05703125 0.03203125
1 0.55625 0.93515625 0.0390625 0.05390625
1 0.875 0.1921875 0.06171875 0.034375
1 0.44375 0.1015625 0.06328125 0.034375
1 0.3609375 0.31015625 0.059375 0.0328125
1 0.2125 0.375 0.04375 0.05
1 0.21328125 0.2 0.034375 0.046875
1 0.0984375 0.2734375 0.03203125 0.03125
1 0.690625 0.93359375 0.0640625 0.04296875