1 0.84765625 0.5578125 0.0296875 0.059375
1 0.63828125 0.22890625 0.04765625 0.0453125
1 0.7140625 0.62734375 0.040625 0.04375
1 0.64453125 0.8203125 0.06796875 0.03046875
1 0.403125 0.91953125 0.0296875 0.05546875
1 0.296875 0.6703125 0.05703125 0.02890625
1 0.10703125 0.515625 0.0421875 0.05390625
1 0.22109375 0.02265625 0.03125 0.04296875
1 0.78359375 0.3109375 0.0359375 0.03671875
1 0.05546875 0.03515625 0.0671875 0.0375
1 0.58203125 0.17265625 0.02421875 0.0515625
1 0.21640625 0.08046875 0.03359375 0.05234375
1 0.0484375 0.16875 0.0578125 0.0296875
1 0.5703125 0.77265625 0.0453125 0.05234375
1 0.359375 0.09375 0.06328125 0.03046875
1 0.665625 0.38671875 0.02421875 0.0484375
1 0.34453125 0.98203125 0.04921875 0.034375
1 0.77421875 0.13359375 0.040625 0.0515625
1 0.540625 0.609375 0.07109375 0.0296875
1 0.51875 0.31953125 0.05859375 0.03671875
1 0.66328125 0.1015625 0.03671875 0.0421875
1 0.33203125 0.7484375 0.03359375 0.05859375
1 0.83046875 0.0046875 0.05234375 0.009375
1 0.91640625 0.34921875 0.07421875 0.0734375
0 0.9703125 0.721875 0.04140625 0.22109375