1 0.39140625 0.66171875 0.03125 0.06328125
1 0.09921875 0.828125 0.0359375 0.05546875
1 0.8421875 0.6046875 0.06640625 0.034375
1 0.7578125 0.453125 0.03359375 0.0546875
1 0.3828125 0.0703125 0.02734375 0.0515625
1 0.87578125 0.284375 0.0546875 0.04609375
1 0.221875 0.89375 0.03203125 0.04921875
1 0.13671875 0.10703125 0.04765625 0.03515625
1 0.06328125 0.18203125 0.06328125 0.0296875
1 0.4265625 0.99140625 0.03125 0.015625
1 0.96328125 0.953125 0.025 0.03125
1 0.65 0.3859375 0.05859375 0.06875
1 0.025 0.05859375 0.046875 0.04296875
1 0.21015625 0.5859375 0.0875 0.03125
1 0.49140625 0.92578125 0.040625 0.0703125
1 0.353125 0.75078125 0.05078125 0.05625
1 0.80390625 0.85234375 0.053125 0.0484375
1 0.57890625 0.63359375 0.0609375 0.071875
1 0.915625 0.5453125 0.0703125 0.046875
1 0.6328125 0.16328125 0.078125 0.0609375