1 0.68046875 0.1078125 0.0625 0.03125
1 0.07265625 0.35 0.0328125 0.05234375
1 0.41484375 0.37265625 0.04375 0.04921875
0 0.90390625 0.5828125 0.09609375 0.13515625
1 0.25390625 0.76875 0.05703125 0.03828125
1 0.54765625 0.94453125 0.05546875 0.0453125
1 0.3984375 0.134375 0.059375 0.034375
1 0.69765625 0.32421875 0.03984375 0.06015625
1 0.09921875 0.9890625 0.0515625 0.01875
1 0.21953125 0.20625 0.046875 0.040625
1 0.9015625 0.07734375 0.03203125 0.0453125
1 0.803125 0.8734375 0.05625 0.0328125
1 0.925 0.98515625 0.02734375 0.0296875
1 0.309375 0.125 0.05078125 0.025
1 0.27265625 0.30859375 0.05078125 0.03046875
1 0.11875 0.06796875 0.071875 0.05078125