1 0.89296875 0.55390625 0.0578125 0.03359375
1 0.5546875 0.5640625 0.0375 0.04765625
1 0.4453125 0.1984375 0.05703125 0.0296875
1 0.2296875 0.25390625 0.03515625 0.05703125
1 0.1828125 0.71328125 0.06015625 0.0328125
1 0.01171875 0.20546875 0.0234375 0.046875
1 0.70859375 0.7609375 0.05390625 0.03046875
1 0.0953125 0.74296875 0.05703125 0.03125
1 0.96796875 0.075 0.03046875 0.06015625
1 0.353125 0.875 0.0609375 0.034375
1 0.1203125 0.6109375 0.0484375 0.0296875
1 0.0203125 0.95390625 0.02890625 0.05390625
1 0.48359375 0.8578125 0.040625 0.06953125
1 0.0625 0.19296875 0.04296875 0.02890625
1 0.346875 0.11796875 0.0328125 0.04296875
1 0.88359375 0.89375 0.0265625 0.0421875
1 0.98671875 0.93359375 0.02265625 0.0375
1 0.2984375 0.52578125 0.06484375 0.0359375
1 0.5875 0.9890625 0.05 0.01953125
1 0.7828125 0.10546875 0.03828125 0.06015625
1 0.39609375 0.31015625 0.04921875 0.0359375
1 0.77734375 0.61796875 0.0515625 0.06328125