1 0.0203125 0.66171875 0.03515625 0.03984375
1 0.18359375 0.80859375 0.03046875 0.05859375
1 0.29296875 0.3515625 0.0515625 0.03515625
1 0.484375 0.50234375 0.04609375 0.0265625
1 0.7359375 0.80390625 0.053125 0.0296875
1 0.5578125 0.82109375 0.059375 0.03984375
1 0.178125 0.12109375 0.04609375 0.046875
1 0.98515625 0.040625 0.02578125 0.05
1 0.234375 0.43984375 0.0671875 0.0296875
1 0.32578125 0.5875 0.02578125 0.05078125
1 0.440625 0.728125 0.03828125 0.04765625
1 0.7640625 0.46328125 0.04140625 0.02890625
1 0.39609375 0.209375 0.04609375 0.0359375
1 0.98984375 0.68671875 0.01484375 0.03828125
1 0.66875 0.44765625 0.02890625 0.03203125
1 0.6125 0.9828125 0.02578125 0.03125
1 0.54296875 0.65625 0.0671875 0.07421875