1 0.9671875 0.94296875 0.04765625 0.04921875
1 0.61796875 0.4609375 0.0484375 0.03671875
1 0.55625 0.796875 0.0296875 0.04765625
1 0.3953125 0.55390625 0.04921875 0.04453125
1 0.3578125 0.31328125 0.0484375 0.02890625
1 0.1984375 0.54375 0.046875 0.04375
1 0.271875 0.62578125 0.0359375 0.04765625
1 0.1859375 0.59375 0.05078125 0.03359375
1 0.42265625 0.0953125 0.03046875 0.05234375
1 0.4703125 0.3890625 0.0453125 0.0328125
1 0.54609375 0.58046875 0.0515625 0.03046875
1 0.0296875 0.73203125 0.04921875 0.02734375
1 0.30859375 0.1078125 0.05390625 0.053125
1 0.109375 0.49375 0.0546875 0.03046875
1 0.83203125 0.64296875 0.04765625 0.04296875
1 0.3328125 0.5296875 0.05234375 0.03359375
1 0.584375 0.26484375 0.03125 0.04296875
1 0.22265625 0.32578125 0.03984375 0.040625
1 0.31953125 0.84921875 0.06015625 0.0265625
1 0.66484375 0.9421875 0.0609375 0.03125
1 0.22109375 0.853125 0.05546875 0.03203125
1 0.47578125 0.92421875 0.04609375 0.02734375
1 0.7640625 0.82109375 0.0390625 0.0375
1 0.1078125 0.03515625 0.03671875 0.03828125
1 0.284375 0.43828125 0.028125 0.0484375
1 0.621875 0.02109375 0.021875 0.03203125
1 0.02109375 0.584375 0.0390625 0.0375
1 0.48046875 0.68359375 0.03203125 0.0421875
1 0.98359375 0.08671875 0.0328125 0.0265625
1 0.92265625 0.28125 0.05 0.0296875
1 0.10390625 0.78203125 0.02109375 0.0453125
1 0.46015625 0.809375 0.05703125 0.06875
1 0.30078125 0.64921875 0.06640625 0.059375
1 0.05859375 0.1828125 0.046875 0.059375
1 0.81953125 0.33359375 0.03828125 0.06171875
1 0.78984375 0.29140625 0.0359375 0.0578125
1 0.89921875 0.028125 0.053125 0.05