1 0.35546875 0.7671875 0.06796875 0.0328125
1 0.928125 0.20859375 0.0640625 0.03046875
1 0.025 0.1328125 0.0328125 0.0625
1 0.48125 0.4625 0.04765625 0.0421875
1 0.42421875 0.88046875 0.03984375 0.059375
1 0.39296875 0.2484375 0.04921875 0.0546875
1 0.25390625 0.09140625 0.034375 0.0671875
1 0.20390625 0.96015625 0.0625 0.03359375
1 0.18046875 0.74296875 0.05859375 0.040625
1 0.1515625 0.1890625 0.040625 0.05
1 0.190625 0.60078125 0.05234375 0.0453125
1 0.61484375 0.5046875 0.065625 0.03828125
1 0.5828125 0.20390625 0.071875 0.04609375
1 0.29921875 0.98515625 0.0328125 0.02734375
1 0.01796875 0.5078125 0.0328125 0.05234375
1 0.640625 0.7609375 0.0484375 0.04921875