1 0.9546875 0.14921875 0.05625 0.0453125
1 0.89765625 0.4171875 0.05234375 0.03828125
1 0.628125 0.91796875 0.0296875 0.05703125
1 0.53125 0.453125 0.03203125 0.05546875
1 0.43125 0.00625 0.0421875 0.0125
1 0.86171875 0.25234375 0.0390625 0.05078125
1 0.7609375 0.4453125 0.0328125 0.04609375
1 0.36328125 0.4703125 0.02890625 0.05546875
1 0.64765625 0.1578125 0.06171875 0.03046875
1 0.53125 0.2953125 0.028125 0.04609375
1 0.3328125 0.4421875 0.025 0.0578125
1 0.6203125 0.40859375 0.0546875 0.03046875
1 0.15390625 0.2078125 0.03671875 0.04375
1 0.8921875 0.0140625 0.04375 0.028125
1 0.6921875 0.75390625 0.0640625 0.078125
1 0.88203125 0.63203125 0.0796875 0.0484375
1 0.4390625 0.0625 0.078125 0.0546875
1 0.11875 0.04375 0.08203125 0.053125