1 0.8671875 0.584375 0.05703125 0.0328125
1 0.5484375 0.07109375 0.0328125 0.059375
1 0.70390625 0.93515625 0.040625 0.053125
1 0.7703125 0.30703125 0.03203125 0.0515625
1 0.3484375 0.57421875 0.03515625 0.05234375
1 0.77265625 0.62890625 0.0515625 0.040625
1 0.2140625 0.03359375 0.028125 0.0609375
1 0.3578125 0.3671875 0.03046875 0.05703125
1 0.746875 0.98671875 0.0421875 0.0234375
1 0.50078125 0.44453125 0.0328125 0.03125
1 0.8890625 0.471875 0.053125 0.03359375
1 0.44453125 0.3625 0.06796875 0.03125
1 0.2375 0.18359375 0.0640625 0.02734375
1 0.15 0.55625 0.05 0.03671875
1 0.88046875 0.70078125 0.05625 0.02890625
1 0.5796875 0.27578125 0.05 0.0234375
1 0.02578125 0.86640625 0.040625 0.03359375
1 0.11171875 0.115625 0.05234375 0.02734375
1 0.9125 0.209375 0.0640625 0.034375