1 0.0453125 0.096875 0.02890625 0.053125
1 0.78515625 0.6078125 0.05703125 0.03125
1 0.8265625 0.74375 0.0265625 0.04296875
1 0.753125 0.93203125 0.07109375 0.03046875
1 0.5703125 0.9546875 0.03515625 0.04609375
1 0.63203125 0.6296875 0.03671875 0.04375
1 0.4578125 0.18984375 0.0484375 0.02421875
1 0.34765625 0.028125 0.046875 0.0328125
1 0.01328125 0.484375 0.0265625 0.02109375
1 0.15 0.303125 0.0484375 0.025
1 0.66796875 0.16640625 0.04296875 0.03359375
1 0.5671875 0.465625 0.0765625 0.05234375
1 0.5984375 0.496875 0.06875 0.05703125
0 0.63828125 0.81875 0.08203125 0.15546875
1 0.45703125 0.8703125 0.04375 0.075
1 0.3953125 0.7078125 0.06953125 0.05546875
1 0.43359375 0.121875 0.06953125 0.06015625