1 0.03359375 0.171875 0.04296875 0.05078125
1 0.3578125 0.090625 0.05546875 0.0453125
1 0.49609375 0.3671875 0.06015625 0.03203125
1 0.60390625 0.3015625 0.06640625 0.0359375
1 0.8625 0.9546875 0.06640625 0.034375
1 0.25546875 0.2515625 0.0625 0.04453125
1 0.14140625 0.1609375 0.07421875 0.03203125
1 0.74765625 0.3625 0.06640625 0.034375
1 0.8078125 0.86328125 0.07109375 0.0421875
1 0.7234375 0.31484375 0.0671875 0.03359375
1 0.0234375 0.0484375 0.04453125 0.04375
1 0.2765625 0.159375 0.04375 0.0515625
1 0.10703125 0.24765625 0.07109375 0.0640625