1 0.04765625 0.52890625 0.03828125 0.0609375
1 0.15234375 0.065625 0.034375 0.0609375
1 0.7609375 0.75859375 0.04375 0.03984375
1 0.2140625 0.29921875 0.05703125 0.03046875
1 0.23125 0.046875 0.0671875 0.03125
1 0.246875 0.75625 0.04296875 0.03671875
1 0.71171875 0.38125 0.05703125 0.02890625
1 0.40703125 0.68671875 0.04921875 0.05078125
1 0.0109375 0.78671875 0.021875 0.0359375
1 0.58984375 0.8296875 0.0671875 0.0234375
1 0.565625 0.2484375 0.034375 0.028125
1 0.97734375 0.1125 0.0375 0.04296875
1 0.03046875 0.13203125 0.046875 0.09296875