1 0.1078125 0.7546875 0.06171875 0.03359375
1 0.2703125 0.178125 0.04921875 0.05078125
1 0.63515625 0.846875 0.05546875 0.04609375
1 0.97265625 0.040625 0.04375 0.04765625
1 0.253125 0.60078125 0.03828125 0.0609375
1 0.7046875 0.1203125 0.04921875 0.0578125
1 0.684375 0.97421875 0.03515625 0.04765625
1 0.94375 0.15625 0.03671875 0.06484375
1 0.80625 0.77734375 0.06640625 0.0390625
1 0.225 0.41015625 0.0546875 0.034375
1 0.140625 0.253125 0.06484375 0.03828125
1 0.30859375 0.30390625 0.06875 0.03515625
1 0.6984375 0.53125 0.05546875 0.03359375
1 0.8796875 0.72578125 0.0453125 0.05859375
0 0.571875 0.259375 0.1078125 0.15546875
1 0.94453125 0.24921875 0.0640625 0.03203125
1 0.265625 0.03125 0.02734375 0.0578125
1 0.47265625 0.4265625 0.05 0.0484375
1 0.909375 0.44765625 0.05859375 0.03671875
1 0.35859375 0.67734375 0.0546875 0.0296875
1 0.78359375 0.02734375 0.0328125 0.0546875
1 0.5171875 0.57734375 0.05390625 0.028125
1 0.98515625 0.91953125 0.02890625 0.0546875
1 0.24296875 0.79921875 0.03359375 0.05546875
1 0.75859375 0.38359375 0.025 0.046875
1 0.6890625 0.00546875 0.0375 0.0109375
1 0.43046875 0.44609375 0.03125 0.059375
1 0.12109375 0.5390625 0.08203125 0.078125
1 0.0671875 0.45625 0.05625 0.0609375
1 0.8421875 0.9140625 0.046875 0.0859375
1 0.0640625 0.828125 0.05078125 0.05859375