1 0.04375 0.5859375 0.05234375 0.03046875
1 0.36796875 0.26875 0.05625 0.03359375
1 0.76328125 0.68125 0.04921875 0.02734375
1 0.7140625 0.490625 0.06328125 0.02734375
1 0.79375 0.5515625 0.028125 0.0515625
1 0.2921875 0.08203125 0.059375 0.02890625
1 0.246875 0.31875 0.0640625 0.03125
1 0.43203125 0.41015625 0.04765625 0.03359375
1 0.4765625 0.52265625 0.04375 0.04765625
1 0.12734375 0.734375 0.0515625 0.0390625
1 0.29765625 0.03515625 0.04453125 0.03671875
0 0.659375 0.5875 0.1421875 0.11484375
1 0.45625 0.71328125 0.04921875 0.03984375
1 0.5234375 0.66796875 0.0453125 0.04375
1 0.38671875 0.625 0.0546875 0.0453125
1 0.1234375 0.93203125 0.0515625 0.0390625
1 0.196875 0.88125 0.03203125 0.0578125
1 0.609375 0.1453125 0.05390625 0.03203125
1 0.52890625 0.67734375 0.03203125 0.046875
1 0.59375 0.80390625 0.04609375 0.03125
0 0.628125 0.86875 0.1109375 0.1921875
1 0.40234375 0.35546875 0.0703125 0.0625
1 0.5828125 0.05234375 0.05078125 0.05625