1 0.38984375 0.79609375 0.03203125 0.04921875
1 0.6 0.19921875 0.06171875 0.03046875
1 0.42578125 0.07734375 0.040625 0.05390625
1 0.59140625 0.728125 0.03359375 0.06015625
1 0.34921875 0.21015625 0.0296875 0.059375
1 0.77734375 0.634375 0.02890625 0.06484375
1 0.26328125 0.421875 0.0390625 0.08359375
1 0.41953125 0.728125 0.05625 0.03515625
1 0.53515625 0.35234375 0.0328125 0.06953125
1 0.778125 0.78046875 0.03203125 0.06484375
1 0.0796875 0.22265625 0.03515625 0.04921875
1 0.70078125 0.25390625 0.03203125 0.0625
1 0.32109375 0.05703125 0.053125 0.02890625
1 0.1859375 0.55859375 0.03359375 0.05390625
1 0.2171875 0.20234375 0.071875 0.0484375
1 0.2265625 0.29453125 0.046875 0.0578125
1 0.09453125 0.45078125 0.0421875 0.0609375
1 0.07578125 0.89765625 0.0578125 0.0828125
1 0.31015625 0.42890625 0.0578125 0.0640625
1 0.84140625 0.203125 0.0671875 0.075