1 0.73046875 0.7671875 0.03984375 0.05703125
1 0.478125 0.36015625 0.05546875 0.03203125
1 0.5078125 0.040625 0.06328125 0.0328125
1 0.8171875 0.50703125 0.053125 0.0515625
1 0.74140625 0.2515625 0.0390625 0.05859375
1 0.74375 0.97109375 0.03515625 0.04609375
1 0.24609375 0.55703125 0.03125 0.06640625
1 0.2609375 0.36640625 0.03203125 0.053125
1 0.24140625 0.7796875 0.05234375 0.03046875
1 0.2859375 0.98046875 0.02578125 0.0390625
1 0.5859375 0.50234375 0.0296875 0.05625
1 0.14609375 0.00546875 0.03984375 0.0109375
1 0.440625 0.48515625 0.0328125 0.06015625
0 0.74296875 0.52109375 0.1390625 0.11328125