1 0.20546875 0.36015625 0.0453125 0.046875
1 0.5671875 0.94296875 0.06171875 0.04453125
1 0.271875 0.47890625 0.02890625 0.05625
1 0.49453125 0.8078125 0.0625 0.03359375
1 0.4578125 0.5921875 0.0359375 0.06484375
1 0.6515625 0.640625 0.040625 0.0515625
1 0.34609375 0.7625 0.0546875 0.0390625
1 0.8703125 0.6078125 0.028125 0.06015625
1 0.103125 0.26171875 0.02734375 0.0515625
1 0.36796875 0.909375 0.04453125 0.0625
1 0.14375 0.6234375 0.03125 0.05625
1 0.903125 0.38828125 0.03359375 0.053125
1 0.56875 0.0765625 0.05625 0.0390625
1 0.296875 0.92578125 0.0515625 0.03984375
1 0.0078125 0.19609375 0.015625 0.06328125
1 0.49765625 0.334375 0.0625 0.02734375
1 0.29375 0.04921875 0.03125 0.04140625
1 0.8953125 0.85703125 0.03671875 0.0578125
1 0.74609375 0.2453125 0.040625 0.03203125
1 0.696875 0.834375 0.0625 0.04375
1 0.77109375 0.5125 0.0671875 0.03125