1 0.928125 0.41015625 0.028125 0.05390625
1 0.60546875 0.4734375 0.040625 0.03828125
1 0.6375 0.2546875 0.0546875 0.02734375
1 0.77890625 0.37265625 0.05546875 0.0328125
1 0.67890625 0.95625 0.0671875 0.0296875
1 0.31875 0.60859375 0.028125 0.046875
1 0.40390625 0.75078125 0.053125 0.02578125
1 0.6625 0.6875 0.0578125 0.028125
1 0.07109375 0.68125 0.0421875 0.0203125
1 0.9265625 0.91484375 0.0234375 0.04765625
1 0.7296875 0.49140625 0.03125 0.04296875
1 0.390625 0.88671875 0.0546875 0.02578125
1 0.35078125 0.0484375 0.040625 0.0453125
1 0.00703125 0.96328125 0.0140625 0.01953125
1 0.575 0.52265625 0.028125 0.046875
1 0.17265625 0.77890625 0.0328125 0.021875
1 0.63359375 0.01015625 0.0421875 0.0203125