1 0.76640625 0.49296875 0.07421875 0.0359375
1 0.7984375 0.69140625 0.05546875 0.04609375
1 0.95859375 0.396875 0.04296875 0.05859375
1 0.79375 0.2578125 0.07265625 0.0328125
1 0.31953125 0.590625 0.02734375 0.0515625
1 0.0765625 0.36796875 0.06171875 0.04375
1 0.25234375 0.42578125 0.03125 0.06796875
1 0.3234375 0.52734375 0.0359375 0.06171875
1 0.46640625 0.815625 0.06171875 0.0328125
1 0.33828125 0.81796875 0.034375 0.0234375
1 0.634375 0.35234375 0.06875 0.0328125
1 0.4546875 0.2234375 0.03203125 0.05390625
1 0.259375 0.709375 0.04296875 0.03515625
1 0.7640625 0.97265625 0.05 0.05078125
1 0.6625 0.09296875 0.028125 0.03125
1 0.909375 0.0453125 0.025 0.04296875
0 0.225 0.790625 0.19140625 0.12890625