1 0.08359375 0.6328125 0.028125 0.05078125
1 0.86484375 0.6421875 0.0359375 0.053125
1 0.659375 0.95703125 0.03515625 0.0484375
1 0.59296875 0.50546875 0.025 0.0484375
1 0.384375 0.209375 0.0328125 0.0640625
1 0.171875 0.15625 0.05 0.0375
1 0.54921875 0.34609375 0.05859375 0.0328125
1 0.21171875 0.7375 0.03828125 0.0546875
1 0.55078125 0.9890625 0.03984375 0.01796875
1 0.3 0.028125 0.04296875 0.04921875
1 0.7640625 0.8140625 0.05078125 0.0296875
1 0.70859375 0.24375 0.02734375 0.05234375
1 0.628125 0.0390625 0.05703125 0.0453125
1 0.97265625 0.11015625 0.040625 0.04609375
1 0.25078125 0.53671875 0.05390625 0.034375
1 0.365625 0.60859375 0.02578125 0.0484375
1 0.946875 0.6828125 0.04765625 0.08125
1 0.96484375 0.42265625 0.065625 0.05390625
1 0.5015625 0.0921875 0.06171875 0.06796875
1 0.8765625 0.0515625 0.05625 0.04921875
1 0.89765625 0.028125 0.065625 0.0515625
0 0.11875 0.3140625 0.165625 0.1515625