1 0.79375 0.30390625 0.05 0.05234375
1 0.10703125 0.31171875 0.0453125 0.053125
1 0.45703125 0.5671875 0.05 0.05390625
1 0.625 0.553125 0.03203125 0.0640625
1 0.73125 0.02109375 0.0421875 0.03828125
1 0.684375 0.88125 0.053125 0.02890625
1 0.90234375 0.1703125 0.0375 0.059375
1 0.3890625 0.5859375 0.0421875 0.05390625
1 0.4375 0.27734375 0.04921875 0.0484375
1 0.49453125 0.21796875 0.05390625 0.02734375
1 0.31484375 0.41328125 0.03671875 0.0515625
1 0.30625 0.36328125 0.05546875 0.0375
1 0.6921875 0.090625 0.0328125 0.0484375
1 0.7140625 0.41875 0.04453125 0.0421875
1 0.0328125 0.125 0.0515625 0.0375
0 0.5609375 0.1796875 0.07890625 0.146875
1 0.6515625 0.72421875 0.04921875 0.0640625