1 0.4578125 0.44296875 0.06796875 0.03828125
1 0.60078125 0.50703125 0.0640625 0.0359375
1 0.93359375 0.8734375 0.02421875 0.0578125
1 0.021875 0.034375 0.03984375 0.0515625
1 0.01953125 0.29609375 0.03125 0.05546875
1 0.4859375 0.5921875 0.03671875 0.0625
1 0.58203125 0.14921875 0.04140625 0.05625
1 0.65390625 0.2984375 0.03671875 0.05859375
1 0.97890625 0.22734375 0.03984375 0.04765625
1 0.48203125 0.01171875 0.05078125 0.02265625
1 0.62265625 0.9140625 0.05390625 0.03125
1 0.553125 0.3953125 0.0546875 0.03046875
1 0.14140625 0.5453125 0.0375 0.028125
1 0.95234375 0.47421875 0.03828125 0.059375
1 0.4875 0.3171875 0.0484375 0.06328125
1 0.1140625 0.02578125 0.03828125 0.04921875
1 0.1640625 0.875 0.04453125 0.0828125
1 0.72578125 0.39296875 0.04609375 0.06953125