1 0.2 0.865625 0.04609375 0.05078125
1 0.11640625 0.49296875 0.0375 0.05546875
1 0.94765625 0.19375 0.0296875 0.059375
1 0.05078125 0.6578125 0.03671875 0.06015625
1 0.71875 0.590625 0.0578125 0.03828125
1 0.7140625 0.134375 0.059375 0.03046875
1 0.16796875 0.09609375 0.06640625 0.03203125
1 0.65390625 0.7625 0.05703125 0.046875
1 0.52734375 0.67890625 0.0328125 0.05703125
1 0.884375 0.52890625 0.03359375 0.04765625
1 0.57109375 0.27734375 0.0578125 0.0390625
1 0.5765625 0.05078125 0.0375 0.0515625
1 0.05625 0.2015625 0.03359375 0.05
1 0.98515625 0.8796875 0.0296875 0.04296875
1 0.86953125 0.73671875 0.05390625 0.0359375
1 0.86328125 0.175 0.03203125 0.05390625
1 0.025 0.93984375 0.0390625 0.0375
1 0.25546875 0.70390625 0.03203125 0.0515625
1 0.13046875 0.978125 0.02890625 0.0421875
1 0.778125 0.01171875 0.053125 0.0234375
1 0.4734375 0.82578125 0.034375 0.053125
1 0.9703125 0.46484375 0.04921875 0.02890625
1 0.203125 0.21640625 0.05390625 0.03671875
1 0.44140625 0.35234375 0.06875 0.03359375
1 0.37421875 0.24921875 0.046875 0.09453125
1 0.0078125 0.3484375 0.015625 0.034375
1 0.7203125 0.24609375 0.04296875 0.04609375
1 0.78984375 0.4453125 0.034375 0.07890625
1 0.490625 0.91328125 0.06796875 0.0421875
1 0.70234375 0.94453125 0.0671875 0.04375
1 0.159375 0.78515625 0.03125 0.053125
1 0.0328125 0.28359375 0.0515625 0.04296875
1 0.28046875 0.52578125 0.06015625 0.0765625