1 0.32109375 0.69375 0.0453125 0.046875
1 0.1453125 0.26796875 0.053125 0.0328125
1 0.02421875 0.5 0.04296875 0.03515625
1 0.49375 0.5234375 0.04375 0.053125
1 0.190625 0.87265625 0.0375 0.0546875
1 0.93828125 0.51875 0.05078125 0.03984375
1 0.09453125 0.5765625 0.05234375 0.03125
1 0.57265625 0.36484375 0.03671875 0.053125
1 0.83203125 0.37890625 0.05625 0.03046875
1 0.7828125 0.65390625 0.0484375 0.0453125
1 0.01875 0.8265625 0.0375 0.0375
1 0.33203125 0.26328125 0.025 0.0515625
1 0.18671875 0.43125 0.034375 0.0578125
1 0.70078125 0.81484375 0.05234375 0.03359375
1 0.2953125 0.09375 0.05703125 0.02578125
1 0.0359375 0.659375 0.0671875 0.03125
1 0.50625 0.1515625 0.0578125 0.028125
1 0.01953125 0.05390625 0.0375 0.04140625
1 0.66015625 0.91640625 0.06484375 0.03046875
1 0.9640625 0.61328125 0.04375 0.06171875
1 0.625 0.275 0.04921875 0.03046875
1 0.45859375 0.75390625 0.0828125 0.08203125
1 0.63828125 0.54921875 0.04453125 0.0828125