1 0.97265625 0.57421875 0.04375 0.04609375
1 0.6234375 0.58515625 0.0328125 0.05234375
1 0.83828125 0.8078125 0.0453125 0.053125
1 0.80625 0.63203125 0.06328125 0.04140625
1 0.53203125 0.3265625 0.053125 0.03046875
1 0.8609375 0.39140625 0.05625 0.03046875
1 0.35859375 0.109375 0.0296875 0.04765625
1 0.09765625 0.61875 0.03984375 0.0546875
1 0.55625 0.44765625 0.0578125 0.0390625
1 0.7171875 0.46953125 0.05703125 0.02578125
1 0.021875 0.7703125 0.0296875 0.046875
1 0.71875 0.2109375 0.03515625 0.0625
1 0.7140625 0.73125 0.034375 0.06796875
1 0.590625 0.271875 0.03046875 0.05078125
1 0.7578125 0.6234375 0.05234375 0.040625
1 0.68203125 0.35 0.03203125 0.06796875
1 0.2953125 0.371875 0.04453125 0.0453125
1 0.0421875 0.39921875 0.0671875 0.03203125
1 0.3 0.4890625 0.0265625 0.05078125
1 0.5984375 0.81328125 0.0515625 0.02890625
1 0.22734375 0.76484375 0.0265625 0.05078125