1 0.1859375 0.85859375 0.0484375 0.03046875
1 0.01171875 0.48515625 0.0234375 0.0515625
1 0.5671875 0.75859375 0.0296875 0.04765625
1 0.30703125 0.409375 0.046875 0.03359375
1 0.73515625 0.37265625 0.03515625 0.0421875
1 0.55234375 0.60859375 0.03125 0.05390625
1 0.70625 0.63359375 0.05546875 0.028125
1 0.96796875 0.609375 0.025 0.04453125
1 0.14140625 0.65390625 0.053125 0.02734375
1 0.5734375 0.40703125 0.05078125 0.034375
1 0.33671875 0.665625 0.03984375 0.046875
1 0.2453125 0.5484375 0.05703125 0.028125
1 0.734375 0.8734375 0.04296875 0.0453125
1 0.98046875 0.7625 0.0328125 0.03203125
1 0.0671875 0.6296875 0.0515625 0.03203125
1 0.284375 0.4734375 0.06171875 0.02734375
1 0.9375 0.90390625 0.046875 0.04375
1 0.1796875 0.24765625 0.03828125 0.053125
0 0.3078125 0.28125 0.075 0.14765625
1 0.28125 0.81875 0.034375 0.04140625
0 0.0625 0.12421875 0.084375 0.17734375
1 0.78125 0.45 0.04453125 0.02265625
1 0.36328125 0.8515625 0.03671875 0.0328125
1 0.453125 0.7796875 0.0265625 0.04765625
1 0.65703125 0.09453125 0.05390625 0.0328125
1 0.51875 0.9640625 0.02109375 0.0484375
1 0.13359375 0.78203125 0.028125 0.03671875
1 0.8890625 0.76953125 0.06328125 0.03125
1 0.56015625 0.8296875 0.034375 0.0359375
0 0.50546875 0.28203125 0.1234375 0.1421875
0 0.25625 0.2453125 0.075 0.2046875
0 0.74609375 0.08515625 0.08359375 0.165625
0 0.84765625 0.890625 0.0859375 0.18828125
0 0.45390625 0.87890625 0.08671875 0.115625
1 0.490625 0.77734375 0.04453125 0.04921875