1 0.08046875 0.5453125 0.040625 0.0484375
1 0.215625 0.3765625 0.059375 0.03828125
1 0.4359375 0.15859375 0.03359375 0.06484375
1 0.2046875 0.01875 0.04453125 0.0359375
1 0.74921875 0.3609375 0.04453125 0.0453125
1 0.57578125 0.0640625 0.034375 0.05546875
1 0.16015625 0.709375 0.06015625 0.03125
1 0.21328125 0.61953125 0.059375 0.03359375
1 0.65390625 0.73203125 0.0453125 0.05390625
1 0.3140625 0.85390625 0.0578125 0.03359375
1 0.2609375 0.66953125 0.03359375 0.04375
1 0.47734375 0.67421875 0.053125 0.0265625
1 0.92578125 0.47734375 0.05703125 0.02421875
1 0.38203125 0.9875 0.03359375 0.025
1 0.27421875 0.9734375 0.05234375 0.02734375
1 0.2984375 0.0390625 0.0234375 0.05234375
1 0.30390625 0.1421875 0.05859375 0.028125
1 0.38984375 0.31015625 0.02578125 0.03203125
1 0.7453125 0.4171875 0.07265625 0.0921875
1 0.3046875 0.79765625 0.05546875 0.05859375