1 0.30703125 0.19609375 0.046875 0.04375
1 0.69765625 0.81953125 0.0453125 0.05390625
1 0.7953125 0.0578125 0.04453125 0.04765625
1 0.6921875 0.3 0.04375 0.04765625
1 0.16484375 0.1515625 0.053125 0.034375
1 0.9171875 0.4078125 0.028125 0.05703125
1 0.35703125 0.065625 0.0328125 0.0609375
1 0.59609375 0.8125 0.0625 0.03125
1 0.57734375 0.0515625 0.04140625 0.0546875
1 0.37421875 0.5375 0.04921875 0.046875
1 0.4953125 0.39296875 0.07890625 0.04140625
1 0.10625 0.98671875 0.05078125 0.02421875
1 0.453125 0.325 0.08671875 0.05
1 0.36328125 0.60078125 0.05546875 0.034375
1 0.76171875 0.59609375 0.0625 0.03125
1 0.45078125 0.7578125 0.05390625 0.0453125
1 0.10078125 0.76328125 0.05625 0.03046875
1 0.70703125 0.1859375 0.0296875 0.05390625
1 0.98984375 0.11484375 0.0171875 0.05546875
0 0.96484375 0.94453125 0.0640625 0.1
1 0.02109375 0.11875 0.0390625 0.034375
1 0.13984375 0.45390625 0.028125 0.040625
1 0.55 0.634375 0.04375 0.0484375
1 0.015625 0.240625 0.03125 0.0515625
1 0.68828125 0.45546875 0.03828125 0.053125
1 0.26953125 0.490625 0.03359375 0.0421875