1 0.9453125 0.07578125 0.02890625 0.0546875
1 0.51796875 0.47265625 0.0390625 0.053125
1 0.921875 0.21953125 0.03359375 0.05703125
1 0.70234375 0.2984375 0.04609375 0.04375
1 0.40703125 0.47421875 0.03125 0.05703125
1 0.79453125 0.41953125 0.03671875 0.0546875
1 0.4953125 0.853125 0.04296875 0.05
1 0.40234375 0.1328125 0.06796875 0.03828125
1 0.3796875 0.70859375 0.05546875 0.025
1 0.58671875 0.08359375 0.03359375 0.0640625
1 0.05234375 0.88125 0.03046875 0.06015625
1 0.0125 0.66875 0.025 0.06328125
1 0.66640625 0.06484375 0.04453125 0.053125
1 0.421875 0.334375 0.059375 0.03125
1 0.69375 0.815625 0.05859375 0.03515625
1 0.93984375 0.84375 0.0453125 0.03984375
1 0.425 0.240625 0.0296875 0.059375
1 0.69296875 0.15078125 0.03203125 0.05546875
1 0.5234375 0.62265625 0.03515625 0.0640625
1 0.6703125 0.58515625 0.03515625 0.053125
1 0.5765625 0.28125 0.0328125 0.065625
1 0.3796875 0.60703125 0.046875 0.046875
1 0.32578125 0.78828125 0.0734375 0.07265625
1 0.14296875 0.70859375 0.0359375 0.0640625
1 0.29765625 0.50703125 0.04765625 0.0515625
1 0.94375 0.36328125 0.03125 0.025
1 0.34765625 0.9546875 0.03515625 0.040625
1 0.78515625 0.57734375 0.03125 0.06171875
1 0.7453125 0.9 0.0609375 0.078125
1 0.12578125 0.36875 0.05625 0.0859375
1 0.28046875 0.19453125 0.0765625 0.05625