1 0.7296875 0.2265625 0.03125 0.06015625
1 0.7296875 0.43125 0.05078125 0.03515625
1 0.028125 0.35859375 0.03125 0.05859375
1 0.2484375 0.48203125 0.03984375 0.046875
1 0.5234375 0.8171875 0.06171875 0.02578125
1 0.753125 0.921875 0.03203125 0.059375
1 0.32890625 0.596875 0.0375 0.021875
1 0.8953125 0.790625 0.05234375 0.0328125
1 0.4671875 0.40390625 0.04375 0.0453125
1 0.684375 0.54140625 0.0546875 0.02578125
1 0.928125 0.4890625 0.059375 0.0375
1 0.00703125 0.1640625 0.0140625 0.053125
1 0.075 0.81875 0.05234375 0.0296875
1 0.978125 0.64921875 0.04140625 0.04140625
1 0.459375 0.63359375 0.06640625 0.028125
1 0.08046875 0.12890625 0.0515625 0.0359375
1 0.8921875 0.37734375 0.02890625 0.0359375
1 0.81953125 0.9859375 0.0546875 0.02578125
1 0.23046875 0.2578125 0.03046875 0.05546875
1 0.94375 0.203125 0.05078125 0.04765625
1 0.37734375 0.140625 0.05078125 0.0390625
1 0.18359375 0.753125 0.05859375 0.04296875
1 0.0140625 0.5015625 0.028125 0.0296875
1 0.33203125 0.75703125 0.0625 0.0921875
0 0.96875 0.2421875 0.0625 0.0859375