1 0.30625 0.59296875 0.03671875 0.07265625
1 0.26796875 0.3390625 0.0609375 0.053125
1 0.0953125 0.446875 0.05703125 0.06015625
1 0.40078125 0.21328125 0.04140625 0.06640625
1 0.0375 0.5015625 0.04609375 0.0578125
1 0.01875 0.85234375 0.03515625 0.0671875
1 0.9015625 0.5859375 0.06484375 0.04296875
1 0.66171875 0.96875 0.02421875 0.0453125
1 0.66171875 0.24609375 0.06875 0.03984375
1 0.396875 0.38359375 0.0640625 0.0984375
1 0.08125 0.2421875 0.07109375 0.08046875
1 0.97578125 0.25078125 0.04375 0.14453125