1 0.74296875 0.2234375 0.040625 0.05078125
1 0.10703125 0.93671875 0.06015625 0.0390625
1 0.2484375 0.7875 0.03359375 0.05234375
1 0.571875 0.3234375 0.05234375 0.03671875
1 0.9125 0.95625 0.0390625 0.0515625
1 0.86640625 0.38359375 0.0328125 0.0609375
1 0.8609375 0.48359375 0.028125 0.06796875
1 0.7125 0.60859375 0.05546875 0.03359375
1 0.8109375 0.71484375 0.0546875 0.03828125
1 0.28125 0.4953125 0.03203125 0.0515625
1 0.60234375 0.8296875 0.0484375 0.078125
1 0.3125 0.2546875 0.0703125 0.0328125
1 0.084375 0.02734375 0.04296875 0.0390625
1 0.85625 0.1609375 0.0640625 0.0796875