1 0.56796875 0.96875 0.04609375 0.05390625
1 0.7296875 0.82578125 0.03515625 0.05703125
1 0.353125 0.80703125 0.03125 0.06015625
1 0.0359375 0.8796875 0.05703125 0.03046875
1 0.20546875 0.6921875 0.03671875 0.0578125
1 0.528125 0.5546875 0.05625 0.03046875
1 0.85 0.88046875 0.0609375 0.0421875
1 0.809375 0.04765625 0.03046875 0.05625
1 0.8671875 0.22421875 0.03359375 0.05859375
1 0.34765625 0.32578125 0.05234375 0.04609375
1 0.65078125 0.57890625 0.03359375 0.05859375
1 0.70703125 0.1890625 0.06796875 0.03046875
1 0.52734375 0.7109375 0.053125 0.03203125
1 0.0953125 0.19296875 0.0578125 0.04921875
1 0.7703125 0.38671875 0.05703125 0.03828125
1 0.028125 0.6859375 0.046875 0.02890625
1 0.96875 0.596875 0.0578125 0.034375
1 0.23046875 0.496875 0.05859375 0.03359375
1 0.8921875 0.40078125 0.028125 0.05546875
1 0.2609375 0.13515625 0.0421875 0.04921875
1 0.56875 0.33125 0.0546875 0.06953125