1 0.2703125 0.734375 0.05078125 0.03828125
1 0.296875 0.50390625 0.06171875 0.02890625
1 0.5828125 0.703125 0.0296875 0.05078125
1 0.73125 0.81171875 0.0515625 0.028125
1 0.20078125 0.378125 0.04609375 0.0265625
1 0.57109375 0.2109375 0.04609375 0.0359375
1 0.31484375 0.83203125 0.04921875 0.04140625
1 0.259375 0.203125 0.05078125 0.03046875
1 0.6625 0.3890625 0.0296875 0.0546875
1 0.87265625 0.95859375 0.0484375 0.03046875
1 0.75390625 0.009375 0.0484375 0.01796875
1 0.85234375 0.15546875 0.028125 0.046875
1 0.57265625 0.48125 0.040625 0.0390625
1 0.93671875 0.09296875 0.04609375 0.02578125
1 0.41328125 0.26875 0.04453125 0.0484375
1 0.31484375 0.334375 0.04609375 0.03671875
1 0.83828125 0.39609375 0.04765625 0.0375
1 0.075 0.396875 0.05703125 0.06171875
1 0.42734375 0.6828125 0.06171875 0.065625