1 0.45859375 0.1125 0.04375 0.0484375
1 0.53359375 0.54140625 0.0296875 0.05078125
1 0.5109375 0.390625 0.04921875 0.0328125
1 0.5953125 0.8390625 0.02734375 0.053125
1 0.27421875 0.73125 0.04765625 0.03125
1 0.22578125 0.26640625 0.06796875 0.028125
1 0.95625 0.42890625 0.053125 0.028125
1 0.159375 0.69609375 0.05 0.03828125
1 0.30390625 0.89765625 0.02734375 0.05078125
1 0.98203125 0.11484375 0.0359375 0.0328125
1 0.22109375 0.45546875 0.06171875 0.0375
1 0.45390625 0.9109375 0.059375 0.03359375
1 0.89765625 0.40703125 0.040625 0.034375
1 0.9625 0.28359375 0.02734375 0.0484375
1 0.021875 0.1125 0.0421875 0.02734375
1 0.27421875 0.321875 0.04609375 0.03125
1 0.434375 0.7734375 0.0546875 0.028125
1 0.965625 0.74765625 0.03984375 0.040625
1 0.0859375 0.8125 0.04921875 0.02578125
1 0.7453125 0.00859375 0.03671875 0.0171875
1 0.25703125 0.6109375 0.059375 0.0265625
1 0.7078125 0.71875 0.03203125 0.03203125
1 0.48515625 0.67265625 0.0328125 0.0453125
1 0.8125 0.928125 0.02421875 0.04453125
0 0.74921875 0.16328125 0.16953125 0.09921875