1 0.8171875 0.59921875 0.05625 0.0328125
1 0.50703125 0.95859375 0.03125 0.0640625
1 0.58203125 0.89375 0.071875 0.03671875
1 0.35078125 0.31015625 0.03828125 0.06171875
1 0.484375 0.04296875 0.06015625 0.0390625
1 0.01171875 0.496875 0.0234375 0.0625
1 0.8140625 0.88984375 0.03359375 0.075
1 0.98515625 0.4640625 0.02890625 0.05078125
1 0.89140625 0.08515625 0.03203125 0.0640625
1 0.10703125 0.2640625 0.03515625 0.053125
1 0.0625 0.3734375 0.065625 0.03359375
1 0.265625 0.6640625 0.06796875 0.05078125
1 0.53671875 0.55078125 0.06953125 0.04296875
1 0.9015625 0.3 0.0609375 0.07265625