1 0.85859375 0.68984375 0.04296875 0.05390625
1 0.94453125 0.6546875 0.0578125 0.03828125
1 0.821875 0.9640625 0.0375 0.0546875
1 0.8671875 0.8703125 0.059375 0.034375
1 0.840625 0.48125 0.0609375 0.03125
1 0.3140625 0.88515625 0.05703125 0.04296875
1 0.25390625 0.45703125 0.07109375 0.03515625
1 0.71875 0.790625 0.03046875 0.06640625
1 0.40859375 0.60625 0.053125 0.03359375
1 0.37578125 0.75546875 0.05390625 0.02734375
1 0.81171875 0.009375 0.03203125 0.01875
1 0.584375 0.2828125 0.0390625 0.0390625
1 0.671875 0.184375 0.0546875 0.084375
1 0.9125 0.2609375 0.0703125 0.05625
1 0.984375 0.30859375 0.02734375 0.07421875
1 0.6125 0.6359375 0.053125 0.0921875
1 0.5546875 0.7625 0.07421875 0.0609375
1 0.03046875 0.59453125 0.05625 0.0484375