1 0.2015625 0.8921875 0.065625 0.05078125
1 0.7296875 0.49609375 0.059375 0.03984375
1 0.81796875 0.26796875 0.03828125 0.0734375
1 0.97578125 0.36171875 0.04453125 0.1296875
1 0.6140625 0.5859375 0.04453125 0.11171875
1 0.21953125 0.12109375 0.05078125 0.0984375
1 0.16171875 0.1578125 0.0375 0.06171875
1 0.2234375 0.44921875 0.04921875 0.1015625
1 0.33359375 0.725 0.034375 0.09296875
1 0.0859375 0.659375 0.03203125 0.11171875
1 0.67890625 0.94453125 0.04765625 0.075
1 0.49453125 0.81484375 0.03671875 0.08671875
1 0.459375 0.3609375 0.03125 0.0953125