1 0.24453125 0.45234375 0.02890625 0.0703125
1 0.346875 0.72265625 0.0390625 0.0703125
1 0.89140625 0.29765625 0.02265625 0.05625
1 0.4984375 0.15625 0.04453125 0.08671875
1 0.88046875 0.52265625 0.06171875 0.096875
1 0.75703125 0.84765625 0.03359375 0.12734375
1 0.671875 0.86640625 0.0640625 0.07890625
1 0.18046875 0.89375 0.05625 0.090625
1 0.7984375 0.3265625 0.06640625 0.0640625
1 0.6 0.059375 0.078125 0.0640625
1 0.68125 0.04140625 0.028125 0.0828125
1 0.9890625 0.35390625 0.02109375 0.0953125