1 0.48984375 0.93125 0.04765625 0.06171875
1 0.37734375 0.55390625 0.05390625 0.06171875
1 0.9046875 0.728125 0.03125 0.0609375
1 0.228125 0.54140625 0.03125 0.0703125
1 0.2078125 0.0765625 0.03671875 0.06171875
1 0.6 0.821875 0.05390625 0.06171875
1 0.19296875 0.778125 0.05 0.05078125
1 0.53828125 0.71875 0.03125 0.05234375
1 0.79296875 0.44296875 0.03828125 0.06796875
1 0.38671875 0.91015625 0.05546875 0.03828125
1 0.6296875 0.98515625 0.05 0.0296875
1 0.440625 0.0390625 0.0375 0.06796875
1 0.0265625 0.97734375 0.05 0.03203125
1 0.5375 0.4609375 0.06171875 0.05
1 0.5859375 0.1875 0.04140625 0.07265625
1 0.9734375 0.02421875 0.03203125 0.04375
1 0.20078125 0.45859375 0.0359375 0.06875
1 0.0140625 0.74453125 0.02421875 0.03515625