1 0.33125 0.628125 0.03515625 0.0546875
1 0.71640625 0.47265625 0.0515625 0.04296875
1 0.484375 0.60625 0.028125 0.05625
1 0.98828125 0.1578125 0.021875 0.05390625
1 0.98046875 0.68828125 0.028125 0.06015625
1 0.821875 0.18125 0.03984375 0.084375
1 0.12890625 0.6234375 0.05546875 0.03828125
1 0.46328125 0.48046875 0.03359375 0.0546875
1 0.12265625 0.15 0.07421875 0.04375
1 0.47734375 0.07578125 0.05546875 0.03046875
1 0.65703125 0.83046875 0.059375 0.03125
1 0.6921875 0.55546875 0.05546875 0.0296875
1 0.98125 0.390625 0.03359375 0.0515625
1 0.609375 0.1546875 0.04375 0.071875
1 0.6109375 0.34921875 0.05 0.0703125
1 0.2625 0.3546875 0.059375 0.04375
1 0.50859375 0.80703125 0.0421875 0.0765625
1 0.5703125 0.9328125 0.034375 0.078125
1 0.84921875 0.93359375 0.0703125 0.0390625
1 0.0359375 0.53984375 0.046875 0.0390625
1 0.96875 0.48125 0.05625 0.05