1 0.13203125 0.0203125 0.0609375 0.03125
1 0.60078125 0.7 0.04140625 0.05390625
1 0.4609375 0.42109375 0.04921875 0.04453125
1 0.19921875 0.246875 0.0703125 0.03515625
1 0.5828125 0.246875 0.03046875 0.05
1 0.975 0.465625 0.05 0.02890625
1 0.1 0.51796875 0.04921875 0.0375
1 0.85546875 0.68125 0.046875 0.03828125
1 0.49296875 0.79140625 0.06015625 0.03984375
1 0.121875 0.96171875 0.03125 0.05625
1 0.0359375 0.34140625 0.03828125 0.06953125
1 0.834375 0.165625 0.03515625 0.04375
1 0.43828125 0.64921875 0.0265625 0.05234375
1 0.26875 0.00859375 0.0484375 0.0171875
1 0.2734375 0.571875 0.025 0.04296875
1 0.6390625 0.8484375 0.03046875 0.071875