1 0.12265625 0.59375 0.04296875 0.0578125
1 0.25546875 0.8640625 0.04765625 0.05546875
1 0.128125 0.91640625 0.04921875 0.05078125
1 0.346875 0.46875 0.0328125 0.05703125
1 0.5203125 0.6484375 0.0296875 0.059375
1 0.53203125 0.43203125 0.03515625 0.0640625
1 0.7890625 0.859375 0.05234375 0.03671875
1 0.41875 0.2203125 0.06484375 0.03203125
1 0.68671875 0.2140625 0.0484375 0.02734375
1 0.925 0.971875 0.03046875 0.04921875
1 0.5828125 0.971875 0.0265625 0.046875
1 0.98515625 0.5859375 0.028125 0.04296875
1 0.5046875 0.52890625 0.03828125 0.0234375
1 0.334375 0.72421875 0.034375 0.05859375
1 0.55390625 0.22421875 0.034375 0.04921875
1 0.70859375 0.3203125 0.03984375 0.034375
1 0.746875 0.61640625 0.05859375 0.06328125
1 0.68671875 0.584375 0.03828125 0.065625
1 0.92578125 0.36875 0.06953125 0.046875
1 0.55078125 0.63046875 0.03125 0.0625