1 0.71953125 0.42734375 0.0296875 0.05859375
1 0.7859375 0.78828125 0.05078125 0.02890625
1 0.2140625 0.7984375 0.02734375 0.05390625
1 0.50625 0.02578125 0.04296875 0.04609375
1 0.0203125 0.13046875 0.03046875 0.05546875
1 0.45703125 0.578125 0.03984375 0.0453125
1 0.97578125 0.6359375 0.034375 0.03984375
1 0.29765625 0.3265625 0.05390625 0.02578125
1 0.475 0.14296875 0.03515625 0.0484375
1 0.6578125 0.1828125 0.0328125 0.05078125
1 0.896875 0.96328125 0.03828125 0.05546875
1 0.7671875 0.3109375 0.05859375 0.028125
1 0.4109375 0.2234375 0.03046875 0.05234375
1 0.62421875 0.3171875 0.04765625 0.02890625
1 0.7359375 0.10703125 0.05859375 0.034375
1 0.271875 0.93203125 0.04921875 0.0265625
1 0.090625 0.0390625 0.03046875 0.0515625
1 0.33984375 0.58046875 0.05625 0.02890625
1 0.42109375 0.84921875 0.05078125 0.0453125
1 0.30703125 0.6546875 0.053125 0.02890625
1 0.3640625 0.3890625 0.04765625 0.0359375
1 0.57578125 0.6921875 0.03046875 0.04609375
1 0.29453125 0.059375 0.03359375 0.03515625
1 0.6046875 0.8984375 0.046875 0.03125
1 0.32890625 0.84375 0.05234375 0.0828125