1 0.55859375 0.52890625 0.078125 0.03671875
1 0.4625 0.421875 0.0609375 0.02734375
1 0.1046875 0.04765625 0.0640625 0.03515625
1 0.8953125 0.93359375 0.06328125 0.034375
1 0.271875 0.28515625 0.05078125 0.0328125
1 0.45703125 0.27421875 0.03046875 0.0578125
1 0.43359375 0.0875 0.0296875 0.05078125
1 0.80390625 0.4078125 0.05390625 0.0265625
1 0.75234375 0.44609375 0.05234375 0.03125
1 0.66640625 0.02890625 0.046875 0.03984375
1 0.57109375 0.0171875 0.03671875 0.03125
1 0.15 0.825 0.05859375 0.04140625
1 0.94296875 0.5578125 0.05234375 0.0265625
1 0.26796875 0.025 0.0265625 0.046875
1 0.46953125 0.78046875 0.03203125 0.04140625
1 0.625 0.28984375 0.07109375 0.04296875
1 0.7875 0.21015625 0.05859375 0.0640625
1 0.38828125 0.63984375 0.0859375 0.040625
1 0.1046875 0.2328125 0.03984375 0.04921875
1 0.62109375 0.66875 0.02890625 0.065625