1 0.1828125 0.84921875 0.0296875 0.06015625
1 0.9015625 0.83046875 0.0328125 0.04921875
1 0.6078125 0.621875 0.03125 0.0625
1 0.92890625 0.58046875 0.03203125 0.05703125
1 0.2375 0.6484375 0.04296875 0.0515625
1 0.28359375 0.1734375 0.0359375 0.0546875
1 0.83359375 0.16640625 0.03046875 0.04765625
1 0.37421875 0.634375 0.0359375 0.0578125
1 0.45234375 0.80234375 0.02734375 0.05234375
1 0.08515625 0.240625 0.06015625 0.03515625
1 0.47265625 0.62890625 0.0609375 0.03125
1 0.20625 0.0546875 0.0484375 0.028125
1 0.71796875 0.15546875 0.06875 0.0453125
1 0.8375 0.709375 0.04296875 0.0703125
1 0.6734375 0.075 0.07421875 0.05625