1 0.1265625 0.5046875 0.04765625 0.04140625
1 0.034375 0.19140625 0.03671875 0.05625
1 0.225 0.7515625 0.03671875 0.05234375
1 0.02109375 0.35546875 0.0328125 0.0546875
1 0.63046875 0.33125 0.03515625 0.053125
1 0.63984375 0.53671875 0.04453125 0.05234375
1 0.73125 0.25859375 0.03046875 0.05234375
1 0.8625 0.425 0.0296875 0.0546875
1 0.4859375 0.8921875 0.071875 0.02890625
1 0.52421875 0.5875 0.0546875 0.02734375
1 0.12890625 0.1265625 0.0390625 0.0515625
1 0.26953125 0.31875 0.03828125 0.05234375
1 0.58515625 0.2359375 0.0375 0.05234375
1 0.7359375 0.884375 0.04140625 0.05390625
1 0.38203125 0.13828125 0.0453125 0.09921875
1 0.846875 0.03046875 0.05625 0.053125