1 0.93984375 0.20546875 0.04296875 0.05859375
1 0.8625 0.0453125 0.0421875 0.0546875
1 0.61171875 0.35625 0.0609375 0.0359375
1 0.94140625 0.91953125 0.046875 0.05625
1 0.19609375 0.9359375 0.0453125 0.053125
1 0.14921875 0.15390625 0.06171875 0.03203125
1 0.30859375 0.66484375 0.0734375 0.03203125
1 0.0484375 0.14296875 0.06015625 0.0328125
1 0.50625 0.925 0.0578125 0.03515625
1 0.70234375 0.984375 0.0609375 0.02890625
1 0.478125 0.7578125 0.04609375 0.034375
1 0.296875 0.0671875 0.04921875 0.04375
1 0.1609375 0.36953125 0.0421875 0.0765625
1 0.55 0.2625 0.0515625 0.053125
1 0.59921875 0.17578125 0.075 0.04765625
1 0.78125 0.30859375 0.0328125 0.08671875