1 0.2140625 0.02890625 0.05546875 0.03203125
1 0.79296875 0.60390625 0.03359375 0.06171875
1 0.2984375 0.60078125 0.05078125 0.0640625
1 0.6125 0.54375 0.0765625 0.0640625
1 0.553125 0.74375 0.0546875 0.0625
1 0.690625 0.7234375 0.0640625 0.06875
1 0.43671875 0.51171875 0.0609375 0.05859375
1 0.5015625 0.365625 0.07421875 0.0625
1 0.4296875 0.1265625 0.06640625 0.046875
1 0.61796875 0.04296875 0.0453125 0.07421875
1 0.11796875 0.43671875 0.06875 0.053125
1 0.03515625 0.3796875 0.05078125 0.0640625
1 0.17265625 0.37890625 0.0796875 0.046875