1 0.54609375 0.68359375 0.02578125 0.05
1 0.253125 0.35546875 0.0421875 0.04609375
1 0.27890625 0.10625 0.05625 0.025
1 0.3109375 0.01953125 0.03984375 0.0359375
1 0.64609375 0.3125 0.03046875 0.04765625
1 0.59296875 0.078125 0.0390625 0.03984375
1 0.52890625 0.38203125 0.06953125 0.02890625
1 0.08359375 0.32734375 0.0328125 0.03671875
1 0.49453125 0.5546875 0.04921875 0.02734375
1 0.87109375 0.10234375 0.03125 0.05625
1 0.8765625 0.425 0.05546875 0.0328125
1 0.009375 0.17109375 0.01796875 0.03046875
1 0.8546875 0.73984375 0.02734375 0.04921875
1 0.70078125 0.7390625 0.05 0.02578125
1 0.6296875 0.88359375 0.05 0.0546875
1 0.1140625 0.740625 0.034375 0.0359375
1 0.76484375 0.93828125 0.0265625 0.08203125
1 0.9515625 0.225 0.0296875 0.06171875
1 0.7203125 0.0234375 0.03125 0.04296875
1 0.3421875 0.36484375 0.04375 0.06640625
1 0.19765625 0.10625 0.04921875 0.02265625
1 0.43203125 0.20390625 0.0734375 0.05625
1 0.16953125 0.540625 0.040625 0.02421875
1 0.72890625 0.2453125 0.06796875 0.05234375
1 0.6765625 0.490625 0.059375 0.0609375
1 0.22734375 0.7 0.08203125 0.0515625