1 0.1171875 0.8515625 0.03359375 0.05390625
1 0.4546875 0.496875 0.0484375 0.03125
1 0.35546875 0.6296875 0.03203125 0.059375
1 0.42890625 0.94140625 0.05546875 0.028125
1 0.41953125 0.1734375 0.05390625 0.03203125
1 0.50078125 0.6484375 0.04609375 0.03359375
1 0.29765625 0.7734375 0.03984375 0.040625
1 0.525 0.7046875 0.04296875 0.03046875
1 0.9796875 0.3515625 0.03828125 0.0390625
1 0.971875 0.54296875 0.05 0.0328125
1 0.19921875 0.50234375 0.021875 0.04375
1 0.55390625 0.3 0.04453125 0.0375
1 0.98671875 0.425 0.02421875 0.0234375
1 0.58515625 0.89453125 0.03125 0.04453125
1 0.140625 0.32109375 0.03125 0.053125
1 0.6 0.01484375 0.0328125 0.0265625
1 0.5109375 0.4546875 0.04765625 0.0390625
1 0.06953125 0.728125 0.03671875 0.02734375
1 0.453125 0.0421875 0.0609375 0.03046875
1 0.68671875 0.86875 0.0390625 0.02734375
1 0.6765625 0.203125 0.0375 0.08046875
1 0.16875 0.1390625 0.06171875 0.06875
1 0.3046875 0.034375 0.04453125 0.06171875