1 0.79453125 0.72109375 0.0296875 0.053125
1 0.0328125 0.721875 0.04296875 0.03359375
1 0.3546875 0.65859375 0.053125 0.03046875
1 0.13203125 0.6359375 0.0546875 0.02734375
1 0.71484375 0.2484375 0.04375 0.03203125
1 0.58671875 0.95390625 0.028125 0.0484375
1 0.16796875 0.88515625 0.03203125 0.05234375
1 0.8140625 0.52890625 0.040625 0.04609375
1 0.8328125 0.3296875 0.05625 0.03203125
1 0.8265625 0.95625 0.04375 0.03125
1 0.75078125 0.15390625 0.05 0.03046875
1 0.290625 0.68828125 0.03046875 0.0421875
1 0.2109375 0.91328125 0.05078125 0.02265625
1 0.52578125 0.54609375 0.05546875 0.02734375
0 0.3390625 0.065625 0.1234375 0.13125
1 0.63515625 0.49296875 0.07109375 0.04140625
1 0.57265625 0.79453125 0.0734375 0.046875
1 0.68125 0.8484375 0.07421875 0.0375
1 0.93203125 0.359375 0.0484375 0.09453125
1 0.1265625 0.26484375 0.0703125 0.0484375