1 0.40234375 0.35546875 0.0734375 0.04765625
1 0.04140625 0.07109375 0.07890625 0.06171875
1 0.27734375 0.46640625 0.08359375 0.05390625
1 0.409375 0.4640625 0.07109375 0.04609375
1 0.528125 0.30859375 0.05078125 0.0734375
1 0.65 0.18984375 0.0703125 0.06015625
1 0.74453125 0.31328125 0.0875 0.06171875
1 0.7375 0.3953125 0.059375 0.075
1 0.4640625 0.64765625 0.08203125 0.05078125
1 0.2890625 0.6484375 0.06015625 0.05390625
1 0.49765625 0.7046875 0.08671875 0.046875
1 0.475 0.825 0.08046875 0.0484375
1 0.559375 0.95859375 0.08671875 0.04609375
1 0.8625 0.96328125 0.0484375 0.05
1 0.7390625 0.78203125 0.06875 0.05390625
1 0.6578125 0.8609375 0.04609375 0.0765625
1 0.6 0.7375 0.07734375 0.040625
1 0.68046875 0.67890625 0.075 0.0453125
1 0.23828125 0.2140625 0.07578125 0.04921875