1 0.30078125 0.86953125 0.04609375 0.05703125
1 0.05390625 0.64609375 0.06171875 0.03046875
1 0.2296875 0.71640625 0.0640625 0.034375
1 0.421875 0.39296875 0.0609375 0.03671875
1 0.42421875 0.65625 0.03359375 0.059375
1 0.03046875 0.18046875 0.028125 0.0546875
1 0.78671875 0.76015625 0.05703125 0.028125
1 0.52734375 0.5421875 0.05859375 0.03203125
1 0.49296875 0.7546875 0.02734375 0.0484375
1 0.23125 0.34296875 0.04921875 0.04296875
1 0.1828125 0.240625 0.07109375 0.0296875
1 0.25859375 0.00859375 0.0328125 0.0171875
1 0.70625 0.36171875 0.0421875 0.05546875
1 0.9296875 0.7796875 0.05 0.0625
1 0.97109375 0.94375 0.0546875 0.06875
1 0.68203125 0.8671875 0.0453125 0.065625
1 0.48828125 0.215625 0.0453125 0.08125
1 0.10859375 0.03125 0.0296875 0.05625