1 0.8734375 0.70625 0.071875 0.03984375
1 0.26875 0.4921875 0.06796875 0.0359375
1 0.665625 0.61796875 0.07265625 0.03359375
1 0.9296875 0.6296875 0.06875 0.03359375
1 0.51875 0.62578125 0.075 0.0375
1 0.9703125 0.41875 0.0515625 0.05078125
1 0.0796875 0.56015625 0.06484375 0.0328125
1 0.47265625 0.4515625 0.0578125 0.04453125
1 0.8546875 0.85390625 0.059375 0.03828125
1 0.6171875 0.578125 0.0734375 0.03203125
1 0.76875 0.9109375 0.0734375 0.03125
1 0.484375 0.3390625 0.0671875 0.03203125
1 0.90703125 0.04140625 0.0625 0.0421875