1 0.68125 0.68046875 0.0390625 0.05703125
1 0.93203125 0.603125 0.0359375 0.05625
1 0.80546875 0.18359375 0.03046875 0.05546875
1 0.63359375 0.60390625 0.06484375 0.028125
1 0.8609375 0.04140625 0.05703125 0.04375
1 0.92578125 0.784375 0.05703125 0.0453125
1 0.753125 0.97109375 0.05703125 0.0421875
1 0.4859375 0.46875 0.0390625 0.04765625
1 0.8421875 0.49921875 0.04375 0.04921875
1 0.509375 0.80234375 0.03125 0.0578125
1 0.53828125 0.690625 0.05546875 0.03828125
1 0.415625 0.1953125 0.0515625 0.04375
1 0.30546875 0.98203125 0.0375 0.0328125
1 0.790625 0.553125 0.03203125 0.05703125
1 0.728125 0.24765625 0.040625 0.021875
1 0.35390625 0.59765625 0.05390625 0.03203125
1 0.10546875 0.85078125 0.02734375 0.05859375
1 0.13203125 0.378125 0.0859375 0.034375
1 0.21171875 0.684375 0.0421875 0.071875
1 0.45 0.94765625 0.08125 0.0359375
1 0.0984375 0.56328125 0.04375 0.0671875
1 0.03046875 0.81484375 0.0484375 0.0328125
1 0.953125 0.846875 0.053125 0.06875