1 0.35703125 0.359375 0.053125 0.02890625
1 0.9265625 0.25546875 0.06640625 0.03828125
1 0.334375 0.07421875 0.04375 0.04375
1 0.0953125 0.2296875 0.0515625 0.03203125
1 0.02421875 0.47265625 0.03671875 0.0421875
1 0.6375 0.82265625 0.03515625 0.05703125
1 0.815625 0.98359375 0.06171875 0.03046875
1 0.68515625 0.23984375 0.06875 0.028125
1 0.6 0.68515625 0.065625 0.034375
1 0.9375 0.559375 0.071875 0.03515625
1 0.3265625 0.878125 0.05078125 0.02890625
1 0.6671875 0.0390625 0.0453125 0.04296875
1 0.3828125 0.5078125 0.04140625 0.053125
1 0.0046875 0.5953125 0.009375 0.03125
1 0.134375 0.53359375 0.03671875 0.03359375
1 0.54140625 0.52578125 0.03125 0.0515625
1 0.7296875 0.575 0.06015625 0.03046875
1 0.6390625 0.54765625 0.06875 0.0453125
1 0.93203125 0.9 0.05390625 0.03359375
1 0.27421875 0.98828125 0.0328125 0.0203125
1 0.2625 0.43046875 0.0546875 0.02578125
1 0.69765625 0.3640625 0.04921875 0.06796875
1 0.81875 0.37734375 0.06875 0.040625
1 0.88359375 0.4671875 0.0515625 0.06875
1 0.94296875 0.50078125 0.04375 0.0828125
1 0.81015625 0.67421875 0.0546875 0.07421875
1 0.0796875 0.8640625 0.0609375 0.05859375
1 0.1828125 0.32109375 0.04765625 0.0796875
1 0.04609375 0.35390625 0.05703125 0.04296875
1 0.2859375 0.203125 0.04765625 0.08125
1 0.40234375 0.26015625 0.07578125 0.05078125
1 0.509375 0.06796875 0.0640625 0.05546875
1 0.840625 0.03828125 0.0765625 0.040625
1 0.34765625 0.61875 0.06796875 0.078125
1 0.209375 0.2109375 0.059375 0.06015625
1 0.609375 0.1609375 0.03359375 0.0765625