1 0.9578125 0.303125 0.04375 0.05390625
1 0.5453125 0.13125 0.03046875 0.06171875
1 0.4578125 0.50703125 0.0453125 0.05390625
1 0.46015625 0.0296875 0.04140625 0.05625
1 0.10546875 0.65546875 0.05859375 0.0328125
1 0.978125 0.88359375 0.0421875 0.03359375
1 0.7484375 0.915625 0.0328125 0.0609375
1 0.8578125 0.9671875 0.065625 0.03828125
1 0.41875 0.290625 0.03359375 0.065625
1 0.59609375 0.625 0.04765625 0.0515625
1 0.2703125 0.7203125 0.05625 0.034375
1 0.8734375 0.79453125 0.059375 0.04375
1 0.70390625 0.20078125 0.05703125 0.0421875
1 0.48046875 0.790625 0.06171875 0.03203125
1 0.4109375 0.665625 0.0359375 0.05078125
1 0.190625 0.534375 0.06328125 0.0390625
1 0.70625 0.0171875 0.03671875 0.03046875
1 0.30546875 0.35078125 0.0640625 0.034375
1 0.9828125 0.54609375 0.03125 0.0578125
1 0.15078125 0.80625 0.06015625 0.04140625
1 0.3109375 0.11796875 0.04296875 0.05625
1 0.30546875 0.67109375 0.0578125 0.03203125
1 0.80078125 0.42890625 0.0515625 0.0453125
1 0.64140625 0.825 0.03359375 0.059375
1 0.865625 0.15859375 0.04453125 0.053125
1 0.6140625 0.32734375 0.04140625 0.0546875
1 0.80546875 0.56015625 0.06796875 0.03359375
1 0.01015625 0.65078125 0.0203125 0.0390625
1 0.0390625 0.08828125 0.059375 0.0359375
1 0.34453125 0.84140625 0.05859375 0.04296875
1 0.1625 0.01953125 0.03125 0.03515625
1 0.2609375 0.46171875 0.05234375 0.059375
1 0.20390625 0.24765625 0.03515625 0.0625
1 0.09140625 0.34375 0.059375 0.0390625
0 0.09375 0.94375 0.1203125 0.10859375