1 0.63203125 0.43515625 0.06796875 0.03125
1 0.21484375 0.86328125 0.04453125 0.04765625
1 0.1 0.71875 0.07421875 0.03359375
1 0.6328125 0.27734375 0.05234375 0.0625
1 0.6421875 0.95859375 0.04921875 0.05078125
0 0.54296875 0.13828125 0.06875 0.13984375
1 0.809375 0.1203125 0.0640625 0.0390625
1 0.2484375 0.60703125 0.03515625 0.06953125
1 0.0890625 0.9171875 0.06484375 0.03671875
1 0.96015625 0.98046875 0.0375 0.03046875
1 0.1703125 0.51015625 0.0484375 0.05
1 0.37734375 0.49609375 0.02578125 0.04765625
1 0.38125 0.07109375 0.05 0.04609375
1 0.99140625 0.37734375 0.0140625 0.03125
1 0.40625 0.16015625 0.0625 0.0625
1 0.4046875 0.90625 0.08203125 0.05859375