1 0.65625 0.65234375 0.05859375 0.0328125
1 0.1890625 0.4796875 0.046875 0.04765625
1 0.76796875 0.01015625 0.02734375 0.0203125
1 0.71015625 0.19453125 0.04453125 0.04921875
1 0.353125 0.23046875 0.06015625 0.03046875
1 0.48046875 0.33984375 0.03203125 0.05
1 0.8234375 0.76640625 0.0453125 0.0390625
1 0.79765625 0.215625 0.04375 0.03671875
1 0.9203125 0.3078125 0.03359375 0.0453125
1 0.8828125 0.81875 0.0265625 0.04609375
1 0.746875 0.796875 0.04921875 0.03046875
1 0.93515625 0.43671875 0.034375 0.04609375
1 0.5625 0.29453125 0.059375 0.03046875
1 0.22109375 0.1046875 0.02890625 0.0328125
1 0.88203125 0.06875 0.0234375 0.04296875
1 0.34375 0.384375 0.0609375 0.0234375
1 0.2078125 0.14609375 0.05625 0.02578125
1 0.00546875 0.0484375 0.0109375 0.0421875
1 0.828125 0.39765625 0.034375 0.040625
1 0.35546875 0.59921875 0.0671875 0.065625
0 0.20859375 0.55859375 0.11796875 0.08671875
1 0.696875 0.36953125 0.06328125 0.0421875
1 0.6 0.35 0.03828125 0.0609375
1 0.478125 0.06640625 0.0578125 0.05859375
1 0.94765625 0.82421875 0.06171875 0.04765625
1 0.8046875 0.5828125 0.08125 0.071875
1 0.05390625 0.025 0.06015625 0.046875