1 0.3140625 0.26953125 0.0375 0.04921875
1 0.928125 0.38515625 0.04609375 0.0375
1 0.18828125 0.2046875 0.03203125 0.04375
1 0.27734375 0.021875 0.0625 0.03203125
1 0.89296875 0.27734375 0.053125 0.03125
1 0.02734375 0.1578125 0.0359375 0.0484375
1 0.8421875 0.12109375 0.0640625 0.03203125
1 0.7515625 0.334375 0.0484375 0.03828125
1 0.23125 0.8921875 0.02734375 0.03359375
1 0.0546875 0.7484375 0.03671875 0.03203125
1 0.58828125 0.246875 0.025 0.053125
1 0.0359375 0.83046875 0.04375 0.08125
1 0.42265625 0.14921875 0.0609375 0.059375