1 0.16484375 0.63046875 0.046875 0.0421875
1 0.2609375 0.66640625 0.04296875 0.03046875
1 0.38125 0.8390625 0.05234375 0.03203125
1 0.140625 0.87890625 0.05625 0.03515625
1 0.97109375 0.34140625 0.04765625 0.03203125
1 0.65546875 0.47421875 0.021875 0.04921875
1 0.58359375 0.7703125 0.0265625 0.0296875
1 0.70859375 0.03125 0.0234375 0.0515625
1 0.38046875 0.39140625 0.06015625 0.028125
1 0.840625 0.08671875 0.04765625 0.0265625
1 0.83671875 0.4625 0.05703125 0.0296875
1 0.55625 0.20703125 0.07265625 0.03828125
1 0.65546875 0.16171875 0.04765625 0.0671875
1 0.88046875 0.246875 0.06484375 0.040625
1 0.775 0.97734375 0.078125 0.0453125
1 0.93984375 0.9015625 0.090625 0.053125
1 0.93203125 0.07109375 0.04609375 0.05703125
1 0.26171875 0.8171875 0.07109375 0.06484375