1 0.15625 0.92578125 0.05 0.04609375
1 0.81875 0.4828125 0.0375 0.0546875
1 0.40078125 0.1953125 0.04375 0.03046875
1 0.6109375 0.09609375 0.04375 0.03125
1 0.359375 0.65625 0.0578125 0.03125
1 0.53046875 0.046875 0.03359375 0.05390625
1 0.77890625 0.67890625 0.03984375 0.05859375
1 0.315625 0.471875 0.03359375 0.06328125
1 0.64453125 0.39296875 0.0609375 0.03125
1 0.5796875 0.68828125 0.065625 0.03515625
1 0.725 0.1953125 0.0328125 0.05234375
1 0.90234375 0.2078125 0.02734375 0.06328125
1 0.97890625 0.55234375 0.0421875 0.03671875
1 0.6578125 0.93203125 0.0515625 0.0453125
1 0.06171875 0.66640625 0.0625 0.03125
1 0.7796875 0.0234375 0.0578125 0.0265625
1 0.78125 0.1859375 0.03125 0.06328125
1 0.478125 0.41953125 0.05 0.0796875
1 0.5625 0.25546875 0.03828125 0.07265625
1 0.5046875 0.19921875 0.059375 0.0640625
1 0.17578125 0.1859375 0.03515625 0.090625
1 0.0671875 0.37421875 0.0796875 0.04609375
1 0.08125 0.3984375 0.0828125 0.03359375
1 0.58125 0.7328125 0.05546875 0.03125
1 0.55859375 0.87421875 0.021875 0.08515625
1 0.36015625 0.85390625 0.0515625 0.07578125
1 0.18984375 0.58046875 0.05546875 0.071875