1 0.4109375 0.36875 0.06015625 0.03046875
1 0.309375 0.684375 0.0453125 0.05
1 0.2765625 0.09140625 0.05234375 0.04140625
1 0.09609375 0.78359375 0.05390625 0.02890625
1 0.65546875 0.05 0.03203125 0.05
1 0.365625 0.9375 0.0515625 0.03125
1 0.13984375 0.64765625 0.0625 0.02890625
1 0.8734375 0.859375 0.06328125 0.03125
1 0.09140625 0.18671875 0.0296875 0.05
1 0.209375 0.86171875 0.0578125 0.02734375
1 0.55234375 0.79765625 0.0328125 0.03515625
1 0.2171875 0.89921875 0.0515625 0.0328125
1 0.3640625 0.47265625 0.0453125 0.02578125
1 0.94140625 0.0578125 0.0484375 0.03203125
1 0.15625 0.0875 0.05 0.03203125
1 0.45390625 0.0765625 0.06796875 0.0359375
1 0.09921875 0.4125 0.0234375 0.0453125
1 0.69140625 0.49375 0.03203125 0.06484375
1 0.6625 0.83671875 0.04375 0.046875
1 0.11171875 0.525 0.05078125 0.05546875