1 0.3921875 0.4015625 0.0453125 0.03828125
1 0.628125 0.2109375 0.02734375 0.05859375
1 0.09375 0.98046875 0.0296875 0.03671875
1 0.0765625 0.8203125 0.03203125 0.040625
1 0.8203125 0.59609375 0.03671875 0.04375
1 0.75234375 0.04375 0.053125 0.03203125
1 0.79453125 0.3421875 0.06484375 0.03125
1 0.190625 0.6484375 0.0328125 0.034375
1 0.0078125 0.5203125 0.015625 0.040625
1 0.23359375 0.909375 0.02890625 0.040625
1 0.93359375 0.70390625 0.053125 0.028125
1 0.2953125 0.575 0.05625 0.06640625
1 0.27734375 0.7375 0.034375 0.06796875
1 0.10078125 0.66015625 0.05234375 0.065625
1 0.93828125 0.08671875 0.04609375 0.0546875
1 0.36640625 0.03984375 0.05625 0.04921875
1 0.12734375 0.21015625 0.059375 0.06875
1 0.159375 0.07578125 0.040625 0.0671875
1 0.440625 0.65703125 0.034375 0.065625