1 0.86640625 0.75859375 0.04140625 0.0453125
1 0.590625 0.26171875 0.046875 0.03515625
1 0.178125 0.61015625 0.0296875 0.05234375
1 0.7109375 0.759375 0.040625 0.04140625
1 0.36328125 0.3921875 0.0515625 0.03359375
1 0.96796875 0.58125 0.04609375 0.04765625
1 0.80625 0.01796875 0.034375 0.03203125
1 0.4 0.0328125 0.02734375 0.0515625
1 0.746875 0.70625 0.03046875 0.02890625
1 0.01484375 0.5453125 0.028125 0.03203125
1 0.3015625 0.82578125 0.04921875 0.06328125
1 0.90625 0.8453125 0.0625 0.0546875
1 0.6140625 0.56484375 0.04140625 0.06640625
1 0.16484375 0.30234375 0.03984375 0.0640625