1 0.1296875 0.715625 0.034375 0.04765625
1 0.10078125 0.4734375 0.0265625 0.0578125
1 0.71875 0.165625 0.03046875 0.053125
1 0.95390625 0.68046875 0.0296875 0.0546875
1 0.92109375 0.8078125 0.03203125 0.05546875
1 0.80234375 0.7515625 0.03515625 0.0484375
1 0.44765625 0.253125 0.02890625 0.06015625
1 0.771875 0.26328125 0.0453125 0.040625
1 0.53203125 0.89453125 0.0265625 0.053125
1 0.4703125 0.0671875 0.05625 0.03046875
1 0.68046875 0.4046875 0.05859375 0.02890625
1 0.3625 0.1296875 0.0375 0.05703125
1 0.6328125 0.70546875 0.0390625 0.053125
1 0.30546875 0.94453125 0.04453125 0.02890625
1 0.7421875 0.0078125 0.02421875 0.015625
1 0.48984375 0.4875 0.0421875 0.040625
1 0.09296875 0.06640625 0.0265625 0.0484375
1 0.2546875 0.903125 0.0234375 0.05234375
1 0.26640625 0.3484375 0.059375 0.046875
1 0.20234375 0.1671875 0.078125 0.040625
0 0.22109375 0.253125 0.15703125 0.078125
1 0.75078125 0.4875 0.034375 0.06875
1 0.634375 0.9484375 0.05078125 0.053125
1 0.053125 0.6828125 0.04375 0.0578125
1 0.0421875 0.9140625 0.03359375 0.078125
1 0.64140625 0.2515625 0.0328125 0.0640625
1 0.1296875 0.23046875 0.04609375 0.04140625