1 0.15234375 0.6890625 0.04609375 0.04296875
1 0.15390625 0.88359375 0.0375 0.0328125
1 0.3109375 0.05859375 0.03828125 0.0484375
1 0.578125 0.26640625 0.05390625 0.028125
1 0.59453125 0.971875 0.03984375 0.03515625
1 0.25859375 0.95546875 0.0484375 0.0484375
1 0.278125 0.29375 0.046875 0.028125
1 0.09296875 0.11796875 0.03515625 0.046875
1 0.165625 0.084375 0.0296875 0.0484375
1 0.76015625 0.76640625 0.03515625 0.03359375
1 0.371875 0.52734375 0.04140625 0.040625
1 0.03359375 0.0234375 0.0328125 0.03359375
1 0.8265625 0.59453125 0.046875 0.025
1 0.63984375 0.45 0.0515625 0.0671875
1 0.54921875 0.4234375 0.0578125 0.06328125
1 0.5015625 0.63046875 0.07421875 0.0421875
1 0.35 0.73828125 0.059375 0.0484375
1 0.38984375 0.9734375 0.05625 0.04921875
1 0.38359375 0.37421875 0.0703125 0.03671875
0 0.93046875 0.61328125 0.128125 0.12578125
1 0.97578125 0.625 0.0390625 0.0515625
1 0.47109375 0.81015625 0.06875 0.0484375
1 0.73125 0.909375 0.071875 0.05546875