1 0.11171875 0.52421875 0.05078125 0.0375
1 0.590625 0.36875 0.0296875 0.04765625
1 0.96953125 0.81796875 0.05 0.0390625
1 0.77578125 0.40703125 0.02734375 0.0484375
1 0.92890625 0.53984375 0.05078125 0.03359375
1 0.69140625 0.57578125 0.028125 0.0515625
1 0.01484375 0.490625 0.02890625 0.028125
1 0.171875 0.034375 0.040625 0.028125
1 0.6234375 0.58046875 0.04921875 0.10078125
1 0.19609375 0.2390625 0.06015625 0.06796875
1 0.384375 0.5515625 0.0390625 0.06015625
1 0.9296875 0.25078125 0.03828125 0.05546875