1 0.1671875 0.54296875 0.059375 0.03125
1 0.978125 0.484375 0.03671875 0.0453125
1 0.8578125 0.93359375 0.053125 0.034375
1 0.78359375 0.634375 0.0265625 0.05703125
1 0.33203125 0.3375 0.02890625 0.05234375
1 0.68984375 0.8828125 0.03046875 0.05859375
1 0.059375 0.22109375 0.02421875 0.04921875
1 0.9375 0.1 0.03984375 0.04296875
1 0.0171875 0.353125 0.0296875 0.04609375
1 0.625 0.571875 0.03984375 0.04296875
1 0.68046875 0.17734375 0.0359375 0.059375
1 0.1859375 0.6984375 0.03125 0.03125
1 0.2453125 0.178125 0.05234375 0.04921875
1 0.3703125 0.7421875 0.02421875 0.03828125