1 0.47578125 0.665625 0.04921875 0.0375
1 0.465625 0.42421875 0.06328125 0.03046875
1 0.4171875 0.21796875 0.053125 0.03671875
1 0.3171875 0.62578125 0.06015625 0.03671875
1 0.70625 0.19765625 0.03984375 0.04609375
1 0.878125 0.43671875 0.0578125 0.02890625
1 0.615625 0.303125 0.06875 0.02890625
1 0.18671875 0.0484375 0.03515625 0.053125
1 0.9390625 0.884375 0.0453125 0.0375
1 0.18359375 0.4625 0.05234375 0.0359375
1 0.01953125 0.896875 0.03671875 0.034375
1 0.5796875 0.5265625 0.02890625 0.05703125
1 0.47109375 0.81484375 0.040625 0.03046875
1 0.7109375 0.496875 0.0265625 0.065625
1 0.553125 0.84765625 0.02578125 0.0421875
1 0.28046875 0.8984375 0.07578125 0.04609375
1 0.48046875 0.94921875 0.04453125 0.071875
1 0.9375 0.190625 0.040625 0.0625
1 0.596875 0.07421875 0.0890625 0.0359375