1 0.45703125 0.55 0.02734375 0.0609375
1 0.90078125 0.03515625 0.03125 0.0546875
1 0.7390625 0.8109375 0.0671875 0.03203125
1 0.42734375 0.28984375 0.0421875 0.08046875
1 0.6828125 0.45 0.05234375 0.06015625
1 0.72109375 0.54609375 0.0453125 0.0609375
1 0.56796875 0.75390625 0.05859375 0.05703125
1 0.75625 0.903125 0.0609375 0.04765625
1 0.33203125 0.6921875 0.04609375 0.084375
1 0.06328125 0.6296875 0.04921875 0.0859375
1 0.82578125 0.34921875 0.040625 0.0765625
1 0.95546875 0.16328125 0.0796875 0.0546875
1 0.51484375 0.0796875 0.0328125 0.06875