1 0.571875 0.3125 0.0515625 0.03359375
1 0.50078125 0.22578125 0.0453125 0.0421875
1 0.0203125 0.2828125 0.03671875 0.03203125
1 0.24296875 0.57734375 0.06796875 0.03203125
1 0.25 0.2234375 0.06015625 0.03984375
1 0.5 0.82421875 0.05859375 0.025
0 0.7265625 0.7609375 0.12734375 0.11171875
1 0.63125 0.64609375 0.07421875 0.034375
1 0.5046875 0.58125 0.08046875 0.04140625
1 0.28515625 0.36171875 0.0625 0.05
1 0.18671875 0.35078125 0.07109375 0.0453125
1 0.2890625 0.79375 0.075 0.0515625
1 0.371875 0.95546875 0.06796875 0.0578125
1 0.46796875 0.8984375 0.0703125 0.03984375
1 0.39453125 0.80703125 0.06796875 0.034375
1 0.82265625 0.8859375 0.07734375 0.03984375
1 0.0859375 0.68046875 0.0921875 0.0546875