1 0.103125 0.30859375 0.0453125 0.0484375
1 0.215625 0.36015625 0.0421875 0.046875
1 0.33046875 0.30625 0.0484375 0.04765625
1 0.8765625 0.38359375 0.0296875 0.0515625
1 0.9453125 0.73125 0.0515625 0.034375
1 0.6625 0.32890625 0.053125 0.03515625
1 0.20546875 0.62578125 0.0640625 0.0390625
1 0.00703125 0.0875 0.0140625 0.03671875
1 0.32265625 0.78515625 0.03046875 0.0625
1 0.80859375 0.04921875 0.053125 0.034375
1 0.8140625 0.55703125 0.06015625 0.03046875
1 0.73203125 0.11875 0.0734375 0.04765625