1 0.3421875 0.11328125 0.0296875 0.0578125
1 0.103125 0.18984375 0.0640625 0.0328125
1 0.83828125 0.190625 0.0359375 0.0671875
1 0.8296875 0.0359375 0.034375 0.0328125
0 0.16953125 0.3078125 0.09375 0.18125
1 0.56015625 0.4296875 0.07265625 0.0625
1 0.4265625 0.5484375 0.04296875 0.0609375
1 0.38828125 0.58359375 0.0484375 0.05390625
1 0.22421875 0.71796875 0.034375 0.05859375
1 0.03515625 0.87890625 0.03984375 0.08046875
1 0.6875 0.05859375 0.08046875 0.034375
1 0.95546875 0.090625 0.05234375 0.0640625