1 0.3296875 0.775 0.06171875 0.05859375
1 0.36328125 0.853125 0.06171875 0.0546875
1 0.25 0.946875 0.03671875 0.06484375
1 0.08984375 0.9203125 0.05625 0.03203125
1 0.02109375 0.84921875 0.04140625 0.059375
1 0.5703125 0.96484375 0.03515625 0.0671875
1 0.72109375 0.8109375 0.05859375 0.034375
1 0.665625 0.72265625 0.0578125 0.04296875
1 0.409375 0.41015625 0.05625 0.046875
1 0.26484375 0.28828125 0.07109375 0.065625
1 0.496875 0.1 0.0515625 0.0625
1 0.43828125 0.22578125 0.05859375 0.04609375
1 0.10859375 0.13359375 0.034375 0.0703125