1 0.13125 0.08125 0.046875 0.05546875
1 0.24765625 0.84375 0.04453125 0.04609375
1 0.19921875 0.840625 0.03046875 0.05625
1 0.346875 0.7921875 0.0328125 0.05
1 0.5328125 0.08125 0.0328125 0.04296875
1 0.36796875 0.21328125 0.04296875 0.04453125
1 0.90703125 0.30625 0.02890625 0.028125
1 0.415625 0.64765625 0.05234375 0.03125
1 0.03671875 0.20078125 0.03984375 0.0453125
1 0.11015625 0.44609375 0.06328125 0.0609375
1 0.7453125 0.0703125 0.02578125 0.04140625
1 0.19140625 0.36953125 0.06484375 0.07265625
1 0.88125 0.4140625 0.0546875 0.0671875
1 0.915625 0.61484375 0.0859375 0.046875
1 0.56640625 0.68984375 0.0671875 0.04921875
1 0.07421875 0.728125 0.03203125 0.05703125
1 0.184375 0.97734375 0.046875 0.0390625
1 0.23359375 0.484375 0.03671875 0.0828125
1 0.6578125 0.45859375 0.05859375 0.07890625
1 0.1046875 0.39765625 0.053125 0.02890625