1 0.29375 0.7609375 0.04609375 0.034375
1 0.121875 0.584375 0.028125 0.0578125
1 0.421875 0.521875 0.0484375 0.028125
1 0.21953125 0.51796875 0.0375 0.0515625
1 0.1 0.04375 0.05234375 0.0296875
1 0.09375 0.209375 0.0328125 0.05234375
1 0.3234375 0.215625 0.03359375 0.0484375
1 0.53203125 0.87734375 0.02734375 0.04296875
1 0.80546875 0.165625 0.0421875 0.034375
1 0.1390625 0.975 0.03359375 0.04921875
1 0.6171875 0.14921875 0.0328125 0.05078125
1 0.75 0.215625 0.03671875 0.03359375
1 0.41640625 0.9734375 0.0265625 0.046875
1 0.8859375 0.55625 0.040625 0.0375
1 0.63203125 0.49609375 0.0453125 0.0359375
1 0.0171875 0.98359375 0.02734375 0.03125
1 0.94765625 0.70859375 0.0390625 0.04296875
1 0.71875 0.10625 0.0578125 0.04140625
1 0.55234375 0.6296875 0.0421875 0.03515625
1 0.65078125 0.9 0.06875 0.05
1 0.75078125 0.87890625 0.0375 0.0703125
1 0.96640625 0.80390625 0.0671875 0.053125