1 0.98046875 0.1859375 0.03359375 0.0421875
1 0.73359375 0.66796875 0.0234375 0.03984375
1 0.5546875 0.59921875 0.028125 0.0578125
1 0.03125 0.1046875 0.0328125 0.05546875
1 0.45390625 0.96875 0.05390625 0.03828125
1 0.81953125 0.7703125 0.0265625 0.04140625
1 0.5828125 0.3859375 0.03046875 0.05234375
1 0.9046875 0.734375 0.04921875 0.03203125
1 0.71328125 0.9828125 0.0328125 0.034375
1 0.4296875 0.084375 0.04296875 0.05234375
1 0.83671875 0.9625 0.06015625 0.046875
1 0.15859375 0.50859375 0.04296875 0.05
1 0.8109375 0.36640625 0.04296875 0.03671875
1 0.271875 0.9796875 0.0734375 0.03046875