1 0.91796875 0.43203125 0.05 0.06875
1 0.82109375 0.96796875 0.03125 0.06015625
0 0.8484375 0.76171875 0.121875 0.1046875
1 0.45390625 0.409375 0.05234375 0.05
1 0.5859375 0.5578125 0.06484375 0.03203125
1 0.59765625 0.2640625 0.0515625 0.0390625
1 0.228125 0.82734375 0.04765625 0.03359375
1 0.03359375 0.90859375 0.034375 0.0296875
1 0.81796875 0.6078125 0.0640625 0.03125
1 0.15234375 0.603125 0.0328125 0.034375
1 0.6453125 0.721875 0.059375 0.0484375
1 0.2234375 0.190625 0.05390625 0.0296875
1 0.18046875 0.49609375 0.03125 0.0703125
1 0.27734375 0.075 0.0953125 0.0328125