1 0.2296875 0.4765625 0.03046875 0.05546875
1 0.0921875 0.3828125 0.05390625 0.03125
1 0.19375 0.1171875 0.0296875 0.053125
1 0.41796875 0.3640625 0.03125 0.06875
1 0.96875 0.0203125 0.05234375 0.02890625
1 0.83046875 0.65703125 0.034375 0.0484375
1 0.30625 0.08203125 0.0578125 0.03125
1 0.9265625 0.30859375 0.05 0.028125
1 0.91328125 0.92421875 0.04453125 0.05859375
1 0.9140625 0.4171875 0.0296875 0.0484375
1 0.9578125 0.76328125 0.03125 0.04765625
1 0.68125 0.97734375 0.028125 0.04296875
1 0.021875 0.0671875 0.03984375 0.03046875
1 0.0046875 0.70703125 0.009375 0.0328125
1 0.68046875 0.79609375 0.03515625 0.0453125
1 0.92421875 0.54921875 0.04765625 0.02890625