1 0.7875 0.39609375 0.0296875 0.059375
1 0.7578125 0.92109375 0.0265625 0.0515625
1 0.62578125 0.9296875 0.02421875 0.0515625
1 0.2234375 0.5421875 0.06171875 0.0328125
1 0.46015625 0.96015625 0.05234375 0.034375
1 0.7671875 0.765625 0.05390625 0.03203125
1 0.7984375 0.06171875 0.03671875 0.07265625
1 0.640625 0.8109375 0.046875 0.0265625
1 0.53671875 0.640625 0.04375 0.04140625
1 0.059375 0.72734375 0.0421875 0.05
1 0.44140625 0.73984375 0.04375 0.02734375
1 0.2046875 0.7859375 0.046875 0.0578125
1 0.9484375 0.05546875 0.028125 0.04453125
1 0.9859375 0.9578125 0.025 0.03359375
1 0.440625 0.2234375 0.0671875 0.04453125
1 0.2703125 0.32890625 0.07578125 0.05703125
1 0.31015625 0.396875 0.02734375 0.0859375
1 0.3609375 0.8703125 0.0859375 0.0375
1 0.871875 0.55625 0.0421875 0.08671875
1 0.03046875 0.30546875 0.0484375 0.06796875
1 0.475 0.5328125 0.046875 0.05078125
1 0.9796875 0.415625 0.0328125 0.07421875