1 0.2234375 0.134375 0.04921875 0.0265625
1 0.21640625 0.38671875 0.04375 0.04296875
1 0.26953125 0.53203125 0.040625 0.0421875
1 0.59296875 0.94296875 0.0640625 0.0328125
1 0.90859375 0.80546875 0.02734375 0.05859375
1 0.62109375 0.6515625 0.05625 0.0828125
1 0.70390625 0.08515625 0.05625 0.02734375
1 0.64140625 0.8046875 0.02734375 0.05625
1 0.43984375 0.53671875 0.0296875 0.05859375
1 0.05703125 0.38515625 0.03203125 0.04609375
1 0.96796875 0.01015625 0.05546875 0.0203125
1 0.05390625 0.28125 0.07109375 0.03046875
1 0.7421875 0.46953125 0.0296875 0.06171875
1 0.47734375 0.71171875 0.06640625 0.03046875
1 0.14765625 0.73984375 0.03828125 0.0390625
1 0.15078125 0.63125 0.02578125 0.04375
1 0.4109375 0.3265625 0.0453125 0.06875
1 0.9828125 0.22421875 0.03359375 0.0296875
1 0.109375 0.41875 0.028125 0.0703125
1 0.02265625 0.63984375 0.028125 0.08515625