1 0.425 0.8046875 0.03671875 0.05859375
1 0.53984375 0.8453125 0.0515625 0.02734375
1 0.50859375 0.55390625 0.03828125 0.03125
1 0.284375 0.1015625 0.05390625 0.02734375
1 0.425 0.03359375 0.04453125 0.04765625
1 0.72265625 0.659375 0.04375 0.0296875
1 0.62421875 0.971875 0.0359375 0.0375
1 0.1484375 0.2265625 0.0671875 0.02734375
1 0.22265625 0.490625 0.0609375 0.07265625
1 0.553125 0.421875 0.0640625 0.05703125
1 0.878125 0.54765625 0.065625 0.06953125
1 0.98203125 0.58203125 0.03125 0.06484375
1 0.95 0.121875 0.05546875 0.06875
1 0.9171875 0.3265625 0.05625 0.040625
1 0.2625 0.97109375 0.0578125 0.04921875
1 0.0359375 0.178125 0.06640625 0.04140625