1 0.6546875 0.3296875 0.04375 0.03203125
1 0.57578125 0.21875 0.02578125 0.05625
1 0.70703125 0.57734375 0.0484375 0.03828125
1 0.32890625 0.88046875 0.03828125 0.0390625
1 0.5703125 0.53671875 0.028125 0.02734375
1 0.2515625 0.3609375 0.0453125 0.0328125
1 0.1515625 0.5859375 0.034375 0.06875
1 0.296875 0.7609375 0.07265625 0.02890625
1 0.6875 0.871875 0.06015625 0.03203125
1 0.6671875 0.72109375 0.071875 0.0328125
1 0.89375 0.68671875 0.059375 0.040625
1 0.92265625 0.3703125 0.0359375 0.075
1 0.875 0.0734375 0.09140625 0.03671875
1 0.05859375 0.87734375 0.07109375 0.0359375
1 0.5546875 0.484375 0.05703125 0.040625