1 0.04375 0.93046875 0.0546875 0.028125
1 0.978125 0.81875 0.0421875 0.040625
1 0.38046875 0.47578125 0.02890625 0.06484375
1 0.20546875 0.70546875 0.04296875 0.0671875
1 0.22578125 0.05859375 0.06328125 0.03046875
1 0.9375 0.49609375 0.0390625 0.0515625
1 0.88125 0.60625 0.05859375 0.0296875
1 0.6640625 0.48828125 0.05390625 0.03828125
1 0.48671875 0.96953125 0.06015625 0.028125
1 0.81171875 0.49609375 0.0546875 0.03125
1 0.809375 0.74921875 0.0453125 0.06640625
1 0.98671875 0.9546875 0.0234375 0.04453125
1 0.3765625 0.90234375 0.04765625 0.0484375
1 0.23828125 0.46328125 0.03203125 0.03359375
1 0.6265625 0.79609375 0.028125 0.0609375
1 0.446875 0.30546875 0.05390625 0.0296875
1 0.828125 0.1078125 0.03125 0.05859375
1 0.98515625 0.07734375 0.02734375 0.05859375
0 0.72421875 0.20859375 0.103125 0.1046875
1 0.26796875 0.41171875 0.0390625 0.0734375
1 0.25703125 0.83515625 0.03359375 0.0859375