0 0.84765625 0.91015625 0.10703125 0.12734375
1 0.978125 0.7078125 0.04140625 0.03203125
1 0.9140625 0.53046875 0.06328125 0.03203125
1 0.5703125 0.41640625 0.0734375 0.0328125
1 0.346875 0.12890625 0.04375 0.04609375
1 0.178125 0.90078125 0.046875 0.065625
1 0.11328125 0.26171875 0.06796875 0.028125
1 0.15625 0.0359375 0.0609375 0.0546875
1 0.875 0.08515625 0.075 0.03125
1 0.5328125 0.6015625 0.06875 0.04453125
1 0.38515625 0.6265625 0.04296875 0.0484375
1 0.603125 0.16640625 0.0765625 0.03125
1 0.90390625 0.27421875 0.05546875 0.03671875
1 0.965625 0.4546875 0.0375 0.065625
1 0.234375 0.70859375 0.04453125 0.05859375
1 0.72265625 0.98203125 0.07265625 0.02890625