1 0.97265625 0.09453125 0.0328125 0.05703125
1 0.20390625 0.55390625 0.0609375 0.0296875
1 0.81796875 0.2421875 0.02890625 0.05859375
1 0.4046875 0.64453125 0.0546875 0.0265625
1 0.35 0.865625 0.04453125 0.034375
1 0.66640625 0.97734375 0.053125 0.0328125
1 0.7140625 0.04375 0.03671875 0.0453125
1 0.5203125 0.60390625 0.03671875 0.02734375
1 0.9359375 0.609375 0.028125 0.0578125
1 0.07734375 0.040625 0.02890625 0.0515625
1 0.128125 0.9015625 0.028125 0.05078125
1 0.99140625 0.80390625 0.0125 0.03671875
1 0.55 0.2375 0.06953125 0.04921875
1 0.253125 0.390625 0.09921875 0.046875