1 0.6484375 0.48125 0.0296875 0.0578125
1 0.44375 0.525 0.0375 0.04453125
1 0.08671875 0.08515625 0.05078125 0.02890625
1 0.0328125 0.74453125 0.05859375 0.0328125
1 0.8140625 0.73046875 0.05859375 0.03203125
1 0.9546875 0.1484375 0.028125 0.05078125
1 0.15625 0.8453125 0.05546875 0.02890625
1 0.11875 0.6421875 0.02734375 0.0640625
1 0.7390625 0.2578125 0.06796875 0.0296875
1 0.85234375 0.02734375 0.04921875 0.03515625
1 0.45234375 0.325 0.05390625 0.02890625
0 0.0515625 0.32734375 0.090625 0.1265625
1 0.190625 0.31328125 0.03125 0.0484375
1 0.38671875 0.9109375 0.03359375 0.040625