1 0.19921875 0.1265625 0.02734375 0.0546875
1 0.4 0.10625 0.02578125 0.05234375
1 0.35 0.18671875 0.0453125 0.03359375
1 0.15703125 0.70703125 0.0640625 0.02890625
1 0.81328125 0.3234375 0.071875 0.03984375
1 0.4390625 0.24609375 0.07578125 0.0328125
1 0.4203125 0.3734375 0.03671875 0.08125
1 0.36640625 0.72578125 0.04140625 0.06328125
1 0.484375 0.68125 0.040625 0.0546875
1 0.8453125 0.5765625 0.03828125 0.06484375
1 0.24296875 0.275 0.03203125 0.06484375
1 0.7953125 0.01328125 0.07578125 0.0265625
1 0.31953125 0.51484375 0.07734375 0.0359375