1 0.1703125 0.63828125 0.05078125 0.03359375
1 0.6578125 0.58046875 0.02421875 0.04921875
1 0.33125 0.2578125 0.05546875 0.02578125
1 0.553125 0.68359375 0.0515625 0.03125
1 0.3921875 0.14375 0.04375 0.028125
1 0.8859375 0.4171875 0.034375 0.05
1 0.8265625 0.4140625 0.046875 0.03359375
1 0.503125 0.22421875 0.0421875 0.0515625
1 0.940625 0.771875 0.07421875 0.05078125
1 0.01640625 0.121875 0.02578125 0.03359375
1 0.60625 0.440625 0.05234375 0.028125
1 0.72421875 0.8359375 0.0234375 0.05625
1 0.1828125 0.2109375 0.04453125 0.03046875
1 0.9796875 0.971875 0.040625 0.034375
1 0.20390625 0.409375 0.02578125 0.04296875
1 0.1921875 0.215625 0.028125 0.02890625
1 0.3109375 0.7125 0.025 0.07421875
1 0.084375 0.8828125 0.02421875 0.0453125
1 0.44453125 0.49921875 0.0390625 0.028125
1 0.63828125 0.915625 0.0234375 0.05
1 0.4328125 0.61171875 0.04453125 0.06953125
1 0.81171875 0.871875 0.04921875 0.08828125
1 0.82890625 0.70859375 0.04453125 0.05390625