1 0.62578125 0.9328125 0.03984375 0.05859375
1 0.496875 0.7515625 0.04921875 0.028125
1 0.25390625 0.8359375 0.053125 0.03125
1 0.04375 0.0703125 0.0390625 0.05234375
1 0.30390625 0.4328125 0.0265625 0.05234375
1 0.16328125 0.35625 0.0296875 0.05078125
1 0.7359375 0.4703125 0.034375 0.028125
1 0.82734375 0.5671875 0.046875 0.03359375
1 0.23984375 0.58125 0.03828125 0.028125
1 0.4375 0.2984375 0.04921875 0.03828125
0 0.26484375 0.715625 0.071875 0.1359375
1 0.51875 0.8109375 0.0484375 0.02890625
1 0.1765625 0.765625 0.02421875 0.05234375
1 0.1484375 0.5640625 0.02421875 0.04375
1 0.303125 0.028125 0.03984375 0.03828125
1 0.80703125 0.2078125 0.0453125 0.03046875
1 0.378125 0.53125 0.040625 0.0359375
1 0.8984375 0.25625 0.025 0.03984375
1 0.32109375 0.6234375 0.025 0.0515625
1 0.0453125 0.79921875 0.0265625 0.0484375
1 0.459375 0.5984375 0.0359375 0.0484375
0 0.85234375 0.8796875 0.0953125 0.15703125
0 0.9109375 0.584375 0.15703125 0.0921875
1 0.246875 0.3609375 0.0828125 0.04609375