1 0.34921875 0.18125 0.03125 0.0546875
1 0.9546875 0.8609375 0.0515625 0.03125
1 0.55546875 0.8734375 0.0578125 0.02890625
1 0.2984375 0.0671875 0.0328125 0.0546875
1 0.91953125 0.2796875 0.0296875 0.06171875
1 0.784375 0.64453125 0.0484375 0.028125
1 0.0875 0.46953125 0.05078125 0.02890625
1 0.18828125 0.13671875 0.0515625 0.02734375
1 0.228125 0.40234375 0.0390625 0.04453125
1 0.69296875 0.79140625 0.05390625 0.02734375
1 0.9546875 0.35625 0.0265625 0.05390625
1 0.66640625 0.4671875 0.06328125 0.0328125
1 0.12265625 0.17890625 0.03984375 0.0453125
1 0.83359375 0.5640625 0.025 0.04296875
1 0.55390625 0.0375 0.0234375 0.06015625
0 0.2359375 0.53671875 0.0875 0.06875
1 0.7234375 0.915625 0.04296875 0.04296875
1 0.5390625 0.365625 0.06015625 0.0578125
0 0.465625 0.571875 0.13671875 0.09453125
1 0.4359375 0.69921875 0.06171875 0.05625
1 0.146875 0.7703125 0.03671875 0.0609375
1 0.7984375 0.7625 0.02890625 0.07109375
1 0.74453125 0.42265625 0.03125 0.08046875