1 0.05 0.39609375 0.0515625 0.025
1 0.37734375 0.26484375 0.05859375 0.0375
1 0.53359375 0.259375 0.05234375 0.02890625
1 0.8265625 0.19453125 0.03515625 0.046875
1 0.63984375 0.63515625 0.05234375 0.02734375
1 0.35703125 0.0765625 0.059375 0.03203125
1 0.02734375 0.7578125 0.0484375 0.03046875
1 0.02265625 0.16328125 0.0421875 0.03671875
1 0.859375 0.0390625 0.065625 0.0296875
1 0.3703125 0.9265625 0.02109375 0.04140625
1 0.7046875 0.95234375 0.03515625 0.04375
1 0.228125 0.7859375 0.06015625 0.04375