1 0.66171875 0.7546875 0.03046875 0.0453125
1 0.92421875 0.765625 0.03046875 0.0546875
1 0.5234375 0.31796875 0.04375 0.04296875
1 0.7078125 0.97890625 0.0625 0.03046875
1 0.21015625 0.1390625 0.0390625 0.05
1 0.7296875 0.27265625 0.05625 0.0328125
1 0.43125 0.7390625 0.05 0.06171875
1 0.9265625 0.340625 0.05625 0.0265625
1 0.678125 0.65 0.04296875 0.0390625
1 0.10546875 0.0484375 0.0765625 0.05859375
1 0.4859375 0.621875 0.02421875 0.0578125
1 0.0734375 0.196875 0.08125 0.0328125
1 0.88515625 0.43046875 0.06328125 0.0265625
1 0.04609375 0.80078125 0.04921875 0.03046875
1 0.378125 0.109375 0.0375 0.03671875
1 0.13984375 0.909375 0.01796875 0.04921875
1 0.31875 0.2484375 0.053125 0.021875
1 0.63671875 0.11484375 0.0578125 0.0484375
1 0.4109375 0.54296875 0.06953125 0.04765625
1 0.08359375 0.5734375 0.04609375 0.046875
1 0.05546875 0.371875 0.06640625 0.0359375
1 0.8546875 0.13828125 0.0578125 0.046875
1 0.4421875 0.1828125 0.0625 0.05859375