1 0.0265625 0.7859375 0.05078125 0.03125
1 0.553125 0.81640625 0.05859375 0.0328125
1 0.47890625 0.5421875 0.02890625 0.059375
1 0.90546875 0.75625 0.02890625 0.05703125
1 0.88359375 0.484375 0.05 0.03359375
1 0.08984375 0.41953125 0.05390625 0.02734375
1 0.3515625 0.915625 0.07109375 0.03203125
1 0.7328125 0.29921875 0.07421875 0.03515625
1 0.8015625 0.6703125 0.0515625 0.034375
1 0.6265625 0.384375 0.05234375 0.040625
1 0.35078125 0.71171875 0.0515625 0.04140625
1 0.9453125 0.15625 0.03515625 0.08828125
1 0.525 0.3890625 0.028125 0.04453125
1 0.10078125 0.51953125 0.028125 0.0640625
1 0.903125 0.02265625 0.02890625 0.0421875
1 0.38515625 0.2046875 0.06875 0.0390625
1 0.6703125 0.134375 0.034375 0.0828125
1 0.275 0.12578125 0.05 0.08671875
1 0.98984375 0.33359375 0.01796875 0.03203125
1 0.48828125 0.28828125 0.0609375 0.06171875
1 0.30234375 0.42890625 0.08046875 0.028125
1 0.2671875 0.30078125 0.078125 0.059375
1 0.07578125 0.196875 0.08125 0.0390625
1 0.86875 0.98203125 0.04296875 0.03125
1 0.33046875 0.63046875 0.08984375 0.04140625