1 0.04375 0.16015625 0.03984375 0.046875
1 0.903125 0.1453125 0.05234375 0.0453125
1 0.3203125 0.01875 0.03125 0.0328125
1 0.2859375 0.38671875 0.0625 0.0421875
1 0.22421875 0.865625 0.053125 0.03671875
1 0.88046875 0.42890625 0.0296875 0.05078125
1 0.0609375 0.53671875 0.034375 0.0359375
1 0.22265625 0.53046875 0.046875 0.071875
1 0.8015625 0.575 0.05703125 0.03671875
1 0.84921875 0.6984375 0.05 0.03359375
1 0.36953125 0.83203125 0.06328125 0.05859375
1 0.78984375 0.91171875 0.06015625 0.0328125
1 0.81640625 0.46796875 0.08203125 0.0453125
1 0.021875 0.68671875 0.03671875 0.03046875
1 0.71015625 0.1921875 0.02890625 0.04765625
1 0.6984375 0.859375 0.02421875 0.025
1 0.953125 0.89765625 0.04453125 0.028125
1 0.06484375 0.29296875 0.04921875 0.0578125
1 0.62265625 0.4265625 0.05703125 0.0265625
1 0.78203125 0.33671875 0.07890625 0.03984375
1 0.534375 0.5375 0.0640625 0.07109375
1 0.7765625 0.67265625 0.0625 0.02890625
1 0.809375 0.809375 0.075 0.0359375