1 0.10546875 0.678125 0.0375 0.071875
1 0.9265625 0.08359375 0.03359375 0.08203125
1 0.503125 0.9109375 0.0328125 0.08671875
1 0.11484375 0.8984375 0.06796875 0.04921875
1 0.446875 0.76875 0.0546875 0.0515625
1 0.33359375 0.79453125 0.046875 0.09453125
1 0.775 0.27421875 0.02578125 0.07734375
1 0.3890625 0.2625 0.0578125 0.09765625
1 0.2859375 0.3515625 0.03671875 0.09296875
1 0.465625 0.896875 0.05 0.06015625
1 0.65703125 0.703125 0.0390625 0.0890625
1 0.59765625 0.59140625 0.06640625 0.04375
1 0.87890625 0.53515625 0.05625 0.10546875
1 0.79375 0.8125 0.053125 0.0671875
1 0.0703125 0.3171875 0.0546875 0.10390625
1 0.01953125 0.07109375 0.03359375 0.0609375
1 0.525 0.0953125 0.06875 0.0671875
1 0.62734375 0.69296875 0.05078125 0.0671875