1 0.23359375 0.0828125 0.02890625 0.05
1 0.01953125 0.7765625 0.03671875 0.0265625
1 0.4 0.059375 0.03125 0.046875
1 0.21640625 0.9140625 0.046875 0.0390625
1 0.14765625 0.57890625 0.05 0.05703125
1 0.41015625 0.8203125 0.06015625 0.0296875
1 0.33515625 0.578125 0.03828125 0.05
1 0.0359375 0.240625 0.0609375 0.02421875
1 0.15859375 0.17734375 0.059375 0.04609375
1 0.3984375 0.553125 0.040625 0.0796875
1 0.4640625 0.8546875 0.03828125 0.06328125
1 0.553125 0.9578125 0.03203125 0.06640625
1 0.06953125 0.88125 0.053125 0.05703125