1 0.190625 0.74921875 0.03515625 0.05390625
1 0.484375 0.79453125 0.046875 0.065625
1 0.65546875 0.8234375 0.03671875 0.07734375
1 0.31640625 0.84453125 0.040625 0.05625
1 0.37734375 0.86875 0.06015625 0.05
1 0.46484375 0.93359375 0.084375 0.03515625
1 0.29453125 0.95703125 0.06171875 0.03984375
1 0.209375 0.853125 0.07421875 0.03203125
1 0.06328125 0.61796875 0.0515625 0.0375
1 0.0921875 0.7390625 0.06015625 0.0296875
1 0.2078125 0.4953125 0.071875 0.0359375
1 0.35703125 0.57265625 0.06328125 0.03671875
1 0.33671875 0.65390625 0.05703125 0.04140625
1 0.38359375 0.71015625 0.07109375 0.040625
1 0.1421875 0.96484375 0.06640625 0.03515625