1 0.1828125 0.76953125 0.0375 0.04921875
1 0.16484375 0.1046875 0.0484375 0.0515625
1 0.3296875 0.578125 0.0515625 0.03125
1 0.16015625 0.940625 0.0328125 0.0671875
1 0.73359375 0.45234375 0.0609375 0.0375
1 0.5921875 0.471875 0.04609375 0.046875
1 0.82109375 0.3640625 0.02890625 0.05546875
1 0.615625 0.7984375 0.05234375 0.0390625
1 0.81875 0.934375 0.0375 0.028125
1 0.00859375 0.5 0.01640625 0.03359375
1 0.54140625 0.95703125 0.05859375 0.046875
1 0.940625 0.07734375 0.0265625 0.0421875
1 0.359375 0.78359375 0.03515625 0.03203125
1 0.64921875 0.6078125 0.05625 0.03671875