1 0.79140625 0.16015625 0.04609375 0.0375
1 0.05390625 0.03125 0.04140625 0.0546875
1 0.865625 0.959375 0.05859375 0.03359375
1 0.23203125 0.92265625 0.0609375 0.03125
1 0.478125 0.83359375 0.059375 0.03046875
1 0.14140625 0.49765625 0.06328125 0.03515625
1 0.6828125 0.5546875 0.06328125 0.02578125
1 0.128125 0.26484375 0.06640625 0.03046875
1 0.9265625 0.06171875 0.05859375 0.0375
1 0.80546875 0.71796875 0.0296875 0.05234375
1 0.60703125 0.04453125 0.02734375 0.05390625
1 0.30546875 0.77265625 0.0640625 0.0296875
1 0.90234375 0.34296875 0.05703125 0.034375
1 0.10078125 0.78515625 0.040625 0.0484375
1 0.9 0.43984375 0.0515625 0.025
1 0.68046875 0.7921875 0.04375 0.040625
1 0.33046875 0.82421875 0.046875 0.03671875
1 0.6640625 0.04140625 0.03203125 0.0578125
1 0.7390625 0.36640625 0.04296875 0.03125
1 0.24765625 0.14453125 0.03046875 0.04765625
1 0.42109375 0.55078125 0.04765625 0.059375
1 0.2734375 0.63203125 0.0625 0.06171875
1 0.9171875 0.61640625 0.0609375 0.07265625