1 0.7421875 0.77734375 0.03671875 0.05625
1 0.18359375 0.23203125 0.0390625 0.0421875
1 0.51875 0.92265625 0.05703125 0.0375
1 0.85 0.7390625 0.0328125 0.05859375
1 0.4453125 0.6734375 0.05703125 0.03515625
1 0.09453125 0.153125 0.03125 0.04296875
1 0.0203125 0.3859375 0.0375 0.025
0 0.82421875 0.484375 0.090625 0.1125
1 0.30234375 0.1234375 0.0703125 0.046875
1 0.33359375 0.046875 0.0453125 0.0484375
1 0.4203125 0.02421875 0.05859375 0.0375
1 0.0953125 0.24765625 0.0640625 0.05546875
1 0.0984375 0.315625 0.0671875 0.03515625