1 0.01953125 0.5609375 0.0359375 0.02421875
1 0.915625 0.2 0.034375 0.06484375
1 0.11796875 0.134375 0.0546875 0.05234375
1 0.2359375 0.08203125 0.0796875 0.05234375
1 0.0953125 0.38203125 0.0625 0.02890625
1 0.16484375 0.4 0.06484375 0.040625
1 0.3015625 0.32734375 0.08359375 0.0390625
1 0.328125 0.43125 0.06171875 0.05625
1 0.47421875 0.3453125 0.065625 0.0359375
1 0.621875 0.39140625 0.06953125 0.0296875
1 0.653125 0.540625 0.0640625 0.04375
1 0.43515625 0.51953125 0.071875 0.0328125
1 0.29609375 0.553125 0.05234375 0.0453125
1 0.17109375 0.5546875 0.05234375 0.046875
1 0.09921875 0.4984375 0.07109375 0.03515625
1 0.1953125 0.48515625 0.0640625 0.03203125
1 0.540625 0.459375 0.0703125 0.034375
1 0.4828125 0.5921875 0.06640625 0.034375
1 0.6984375 0.4796875 0.07421875 0.0265625
1 0.72578125 0.58203125 0.04375 0.06640625
1 0.84296875 0.5234375 0.08203125 0.03359375
1 0.95625 0.5578125 0.05234375 0.06015625
1 0.846875 0.746875 0.04296875 0.0609375
1 0.68984375 0.80625 0.046875 0.059375
1 0.74375 0.90390625 0.059375 0.06015625
1 0.91171875 0.9125 0.053125 0.05703125
1 0.59921875 0.86015625 0.05078125 0.04921875
1 0.4671875 0.975 0.0796875 0.02734375
1 0.24140625 0.9453125 0.03359375 0.06953125
1 0.078125 0.846875 0.05078125 0.05546875
1 0.22421875 0.7296875 0.0671875 0.03671875
1 0.44921875 0.80859375 0.075 0.040625
1 0.45625 0.9 0.0671875 0.03828125
1 0.39140625 0.9265625 0.04140625 0.071875
1 0.421875 0.72265625 0.0671875 0.04140625
1 0.55234375 0.73203125 0.0734375 0.03359375
1 0.10234375 0.59921875 0.0671875 0.06953125
1 0.32421875 0.73984375 0.0703125 0.0515625
1 0.82109375 0.68671875 0.07109375 0.04921875
1 0.7125 0.68125 0.075 0.06171875