1 0.71953125 0.5921875 0.028125 0.05390625
1 0.64921875 0.3046875 0.03203125 0.04921875
1 0.296875 0.2421875 0.07109375 0.0390625
0 0.5046875 0.3234375 0.07578125 0.1171875
1 0.3078125 0.81875 0.0609375 0.03515625
1 0.71796875 0.88046875 0.05625 0.0296875
1 0.09921875 0.665625 0.02578125 0.04609375
1 0.25078125 0.62421875 0.04609375 0.03828125
1 0.815625 0.5640625 0.0609375 0.028125
1 0.95703125 0.12578125 0.04921875 0.025
1 0.1359375 0.4828125 0.07109375 0.03046875
1 0.971875 0.97265625 0.05078125 0.0296875
1 0.86328125 0.0203125 0.03828125 0.0375
1 0.0984375 0.0875 0.0703125 0.03359375
1 0.3734375 0.18125 0.06875 0.04453125
1 0.48515625 0.68515625 0.03984375 0.03125
0 0.28984375 0.49453125 0.175 0.14140625
1 0.3875 0.5046875 0.07421875 0.0359375
1 0.059375 0.253125 0.071875 0.04296875