1 0.30859375 0.23203125 0.02578125 0.05
1 0.42421875 0.03203125 0.03125 0.04296875
1 0.86171875 0.42421875 0.0453125 0.04921875
1 0.946875 0.11875 0.06484375 0.03203125
0 0.084375 0.4140625 0.09453125 0.10234375
1 0.48203125 0.1 0.0609375 0.02890625
1 0.61875 0.7328125 0.02265625 0.04921875
1 0.39296875 0.22734375 0.0546875 0.0359375
1 0.8625 0.07421875 0.04921875 0.025
1 0.53046875 0.96484375 0.0578125 0.02890625
1 0.7609375 0.51875 0.05078125 0.03515625
1 0.56796875 0.165625 0.06640625 0.02890625
1 0.10859375 0.021875 0.02890625 0.028125
1 0.21484375 0.1109375 0.06640625 0.06640625
1 0.58671875 0.02734375 0.0609375 0.05