1 0.515625 0.6078125 0.03515625 0.07265625
1 0.41484375 0.45859375 0.06484375 0.0484375
1 0.34140625 0.32890625 0.06328125 0.05546875
1 0.4546875 0.79609375 0.05859375 0.04375
1 0.8328125 0.4984375 0.0484375 0.034375
1 0.70546875 0.00859375 0.04140625 0.0171875
1 0.80625 0.28984375 0.0328125 0.053125
1 0.52421875 0.8203125 0.034375 0.06640625
1 0.16328125 0.584375 0.040625 0.04375
1 0.05859375 0.3671875 0.03359375 0.046875
1 0.2390625 0.70859375 0.06796875 0.05234375
0 0.7453125 0.78046875 0.090625 0.07265625
1 0.96640625 0.16171875 0.0390625 0.025
1 0.77421875 0.52421875 0.05703125 0.05
1 0.29140625 0.14609375 0.02890625 0.09453125
1 0.4765625 0.271875 0.04140625 0.0671875