1 0.36015625 0.54609375 0.06640625 0.028125
1 0.028125 0.04609375 0.05625 0.0296875
1 0.8171875 0.028125 0.05546875 0.03203125
1 0.56875 0.60078125 0.04765625 0.05859375
1 0.21171875 0.24765625 0.0671875 0.0296875
1 0.3234375 0.80390625 0.05078125 0.03671875
1 0.4375 0.85546875 0.05703125 0.03125
1 0.72109375 0.384375 0.06171875 0.0265625
1 0.225 0.64296875 0.06328125 0.0359375
1 0.13359375 0.184375 0.053125 0.03515625
1 0.49765625 0.97734375 0.0296875 0.04140625
1 0.03671875 0.48203125 0.0625 0.0296875
1 0.1875 0.3046875 0.0578125 0.0640625
1 0.09375 0.76953125 0.04296875 0.06484375