1 0.546875 0.32109375 0.04921875 0.05703125
1 0.7359375 0.37578125 0.034375 0.05546875
1 0.440625 0.76171875 0.04375 0.0453125
1 0.61328125 0.509375 0.0578125 0.03046875
1 0.34296875 0.80234375 0.0421875 0.06171875
1 0.1109375 0.8796875 0.04140625 0.06171875
1 0.2203125 0.68515625 0.06171875 0.03984375
1 0.225 0.3328125 0.03515625 0.04375
1 0.83828125 0.1796875 0.0796875 0.05390625
1 0.90390625 0.69296875 0.07734375 0.0453125
1 0.4796875 0.74765625 0.04296875 0.07109375
1 0.57578125 0.92109375 0.028125 0.08046875