1 0.43359375 0.5921875 0.05390625 0.0375
1 0.4546875 0.27578125 0.05 0.0421875
1 0.24453125 0.28203125 0.0515625 0.04609375
1 0.0484375 0.65 0.03046875 0.05703125
1 0.2921875 0.08125 0.03515625 0.05390625
1 0.61171875 0.95859375 0.03203125 0.04921875
1 0.27421875 0.61015625 0.04375 0.0421875
1 0.75625 0.63671875 0.04609375 0.034375
1 0.13203125 0.403125 0.03671875 0.04921875
1 0.49921875 0.7421875 0.04921875 0.0296875
1 0.571875 0.90703125 0.03359375 0.03359375
1 0.9765625 0.315625 0.04453125 0.04453125