1 0.06015625 0.2671875 0.040625 0.04609375
1 0.96796875 0.2625 0.0484375 0.04765625
1 0.93671875 0.83046875 0.04375 0.05
1 0.5515625 0.078125 0.05546875 0.04609375
1 0.0890625 0.81015625 0.06015625 0.03359375
1 0.4390625 0.325 0.04296875 0.03671875
1 0.4859375 0.72265625 0.05390625 0.0328125
1 0.2640625 0.9875 0.0296875 0.021875
1 0.05859375 0.00703125 0.04765625 0.0140625
1 0.2953125 0.42890625 0.04453125 0.02734375
1 0.78203125 0.55859375 0.04921875 0.04140625
1 0.86015625 0.3296875 0.075 0.034375
1 0.38125 0.62265625 0.0671875 0.03359375
1 0.55 0.58359375 0.06015625 0.05390625
1 0.6015625 0.25703125 0.034375 0.071875