1 0.83046875 0.81328125 0.06015625 0.03984375
1 0.1828125 0.50625 0.0609375 0.09296875
1 0.09921875 0.31484375 0.0453125 0.13046875
1 0.11953125 0.15625 0.075 0.05234375
1 0.39921875 0.19921875 0.04140625 0.11484375
1 0.43828125 0.1484375 0.0296875 0.12578125
1 0.36953125 0.41796875 0.04140625 0.09453125
1 0.45859375 0.7421875 0.05703125 0.11875
1 0.32734375 0.95703125 0.04296875 0.07109375
1 0.17109375 0.928125 0.0296875 0.1203125
1 0.29296875 0.66640625 0.0359375 0.1375
1 0.71171875 0.378125 0.0546875 0.07890625
1 0.85 0.5828125 0.071875 0.053125