1 0.08125 0.178125 0.04296875 0.04921875
1 0.08359375 0.26015625 0.0296875 0.05546875
1 0.3921875 0.38359375 0.0421875 0.0359375
1 0.20859375 0.34296875 0.05078125 0.0453125
1 0.790625 0.51328125 0.046875 0.03984375
1 0.346875 0.715625 0.04140625 0.04609375
1 0.2 0.16640625 0.06015625 0.03046875
1 0.55546875 0.5328125 0.0296875 0.05078125
1 0.32890625 0.8921875 0.03125 0.053125
1 0.65859375 0.59609375 0.034375 0.03828125
1 0.69921875 0.2453125 0.03046875 0.0609375
1 0.85546875 0.95859375 0.028125 0.0390625
1 0.01328125 0.79453125 0.02578125 0.04140625
1 0.37109375 0.075 0.025 0.05625
1 0.05859375 0.08984375 0.034375 0.08125
1 0.15859375 0.46328125 0.053125 0.05625
1 0.44765625 0.66953125 0.0203125 0.05859375
1 0.47890625 0.96328125 0.03046875 0.05234375