0 0.809375 0.1890625 0.1375 0.0640625
0 0.1390625 0.84921875 0.12265625 0.06875
0 0.62265625 0.22578125 0.0859375 0.15
0 0.3484375 0.9015625 0.12265625 0.078125
1 0.378125 0.3671875 0.02421875 0.025
0 0.55703125 0.9328125 0.15546875 0.07421875
1 0.8703125 0.98515625 0.02265625 0.028125
1 0.203125 0.17421875 0.1625 0.1
0 0.240625 0.38984375 0.18125 0.08359375
0 0.51171875 0.3265625 0.1640625 0.084375
0 0.58828125 0.453125 0.13046875 0.071875
0 0.3640625 0.66171875 0.15625 0.0984375
0 0.15234375 0.7 0.17578125 0.10234375
0 0.06328125 0.628125 0.121875 0.07734375
0 0.09921875 0.7703125 0.15 0.09609375
0 0.6125 0.7078125 0.121875 0.071875
0 0.753125 0.71953125 0.078125 0.11015625
0 0.396875 0.39765625 0.1140625 0.07734375