1 0.30859375 0.76171875 0.02734375 0.05078125
1 0.2859375 0.63125 0.06171875 0.03203125
1 0.55390625 0.68671875 0.025 0.05234375
1 0.05625 0.46796875 0.028125 0.05625
1 0.5890625 0.07421875 0.0671875 0.03984375
1 0.64140625 0.60859375 0.0515625 0.034375
1 0.87578125 0.51640625 0.0265625 0.05
1 0.02734375 0.0890625 0.04921875 0.02890625
1 0.28828125 0.31484375 0.07265625 0.0328125
1 0.76875 0.74921875 0.03203125 0.0515625
1 0.9234375 0.43046875 0.0453125 0.02578125
1 0.8 0.66640625 0.06328125 0.02734375
1 0.24375 0.5546875 0.05859375 0.0578125
1 0.3578125 0.9328125 0.05078125 0.06640625