1 0.52734375 0.20390625 0.0328125 0.05390625
1 0.3953125 0.4421875 0.05546875 0.03203125
1 0.9390625 0.04453125 0.0328125 0.05078125
1 0.25234375 0.89765625 0.0328125 0.05
1 0.73359375 0.35546875 0.05546875 0.02890625
1 0.43046875 0.1375 0.05390625 0.0359375
1 0.65859375 0.63671875 0.0296875 0.0453125
1 0.32265625 0.4859375 0.04296875 0.03671875
1 0.82421875 0.4171875 0.02421875 0.05390625
1 0.0359375 0.0890625 0.04375 0.0375
1 0.69140625 0.046875 0.034375 0.040625
1 0.8203125 0.27890625 0.03984375 0.0453125
1 0.4359375 0.84453125 0.0296875 0.05234375
1 0.565625 0.39609375 0.05859375 0.02734375
1 0.08125 0.48515625 0.03984375 0.040625
1 0.778125 0.8578125 0.05625 0.02890625
1 0.13828125 0.821875 0.0390625 0.03671875
1 0.0921875 0.8375 0.04140625 0.03125
1 0.8515625 0.72109375 0.04609375 0.02734375
1 0.84609375 0.6796875 0.034375 0.03828125
1 0.3140625 0.740625 0.0546875 0.0546875
1 0.62109375 0.7703125 0.059375 0.078125
1 0.12734375 0.025 0.05546875 0.04609375
1 0.67265625 0.971875 0.04609375 0.0515625
1 0.0453125 0.6609375 0.05703125 0.0515625