1 0.49921875 0.2953125 0.040625 0.053125
1 0.0546875 0.71328125 0.04375 0.040625
1 0.5484375 0.8078125 0.03515625 0.04453125
1 0.4375 0.9703125 0.05 0.03125
1 0.4671875 0.47890625 0.0296875 0.0515625
1 0.36640625 0.78359375 0.0296875 0.05390625
1 0.9125 0.3328125 0.05390625 0.03046875
1 0.91484375 0.75859375 0.04765625 0.03046875
1 0.08125 0.89921875 0.0296875 0.0546875
1 0.8765625 0.53046875 0.06875 0.0296875
1 0.221875 0.0546875 0.06796875 0.0328125
1 0.396875 0.58828125 0.02265625 0.05390625
1 0.234375 0.66328125 0.0328125 0.05
1 0.39375 0.5359375 0.04921875 0.04296875
1 0.5203125 0.85625 0.046875 0.046875
1 0.171875 0.3765625 0.06171875 0.03984375
1 0.2046875 0.2109375 0.0890625 0.025
1 0.75703125 0.86953125 0.028125 0.04921875
1 0.59765625 0.0671875 0.059375 0.0421875
1 0.30625 0.365625 0.028125 0.04453125
1 0.621875 0.39296875 0.02109375 0.0453125
1 0.575 0.1640625 0.0546875 0.0296875
1 0.7203125 0.40546875 0.05703125 0.0234375
1 0.66171875 0.22734375 0.0578125 0.05078125
1 0.021875 0.31484375 0.03828125 0.04609375
1 0.90859375 0.89921875 0.0453125 0.040625
1 0.75546875 0.753125 0.0375 0.03046875
1 0.83203125 0.6625 0.05546875 0.0578125
1 0.7203125 0.290625 0.03671875 0.078125