1 0.11015625 0.56328125 0.03203125 0.0640625
1 0.13828125 0.70625 0.03203125 0.0640625
1 0.41640625 0.37734375 0.05078125 0.071875
1 0.296875 0.33203125 0.0515625 0.0484375
1 0.2328125 0.2109375 0.04609375 0.0546875
1 0.18359375 0.45 0.0328125 0.07265625
1 0.85859375 0.43125 0.0359375 0.0546875
1 0.45234375 0.059375 0.04375 0.0609375
1 0.45078125 0.16640625 0.0546875 0.03515625
1 0.6265625 0.1 0.0578125 0.05703125
1 0.75 0.4671875 0.04296875 0.065625
1 0.71796875 0.8015625 0.07421875 0.02890625
1 0.63359375 0.77890625 0.04921875 0.06953125
1 0.6734375 0.6609375 0.0546875 0.046875
1 0.4921875 0.7296875 0.046875 0.0671875
1 0.440625 0.70859375 0.0421875 0.04765625
1 0.38359375 0.94375 0.0625 0.03984375
1 0.64140625 0.86328125 0.053125 0.04609375
1 0.60078125 0.94921875 0.03984375 0.05234375
1 0.51015625 0.63515625 0.07734375 0.0234375
1 0.0375 0.73203125 0.0671875 0.053125
1 0.4828125 0.93125 0.06796875 0.05859375