1 0.9546875 0.2125 0.046875 0.03359375
1 0.1578125 0.97109375 0.0515625 0.0359375
1 0.34765625 0.42265625 0.03046875 0.05390625
1 0.184375 0.13515625 0.06328125 0.0375
1 0.31484375 0.28359375 0.03125 0.05546875
1 0.290625 0.87265625 0.059375 0.03515625
1 0.68203125 0.975 0.03359375 0.046875
1 0.05234375 0.3296875 0.03515625 0.0484375
1 0.21015625 0.66171875 0.0671875 0.03046875
1 0.06796875 0.83671875 0.065625 0.05546875
1 0.7046875 0.62890625 0.04765625 0.034375
1 0.971875 0.06953125 0.05 0.07578125
1 0.0078125 0.4765625 0.01484375 0.05234375
1 0.3109375 0.18671875 0.05546875 0.0515625
1 0.3671875 0.075 0.046875 0.01875
1 0.23828125 0.8234375 0.04609375 0.05
1 0.2015625 0.515625 0.06484375 0.04140625
1 0.53828125 0.7109375 0.03671875 0.02890625
1 0.98515625 0.940625 0.0296875 0.07265625
1 0.93984375 0.83203125 0.07421875 0.04765625
1 0.5875 0.925 0.04296875 0.07265625