1 0.07265625 0.9640625 0.0515625 0.0484375
1 0.8078125 0.503125 0.059375 0.0578125
1 0.68203125 0.37109375 0.0265625 0.0546875
1 0.60234375 0.2890625 0.04296875 0.040625
1 0.871875 0.040625 0.06953125 0.0390625
1 0.85859375 0.659375 0.028125 0.06015625
1 0.590625 0.7359375 0.04140625 0.0625
1 0.29453125 0.34921875 0.04609375 0.0515625
1 0.02890625 0.33125 0.046875 0.05390625
1 0.6703125 0.0546875 0.02578125 0.05234375
1 0.19453125 0.66953125 0.04921875 0.03125
1 0.334375 0.7515625 0.06953125 0.14140625
1 0.4703125 0.021875 0.05078125 0.04296875
1 0.94375 0.85546875 0.059375 0.0421875