1 0.0359375 0.45 0.0265625 0.05859375
1 0.47109375 0.80625 0.0609375 0.0296875
1 0.09765625 0.2953125 0.084375 0.034375
1 0.04453125 0.69296875 0.05625 0.03671875
1 0.6484375 0.13046875 0.02734375 0.06171875
1 0.8015625 0.159375 0.05234375 0.0328125
1 0.68203125 0.246875 0.05234375 0.0296875
1 0.778125 0.796875 0.06953125 0.04375
1 0.33125 0.384375 0.059375 0.05546875
1 0.34609375 0.14375 0.06328125 0.0515625
1 0.74375 0.70078125 0.06796875 0.04140625
1 0.90859375 0.709375 0.05546875 0.0546875
1 0.278125 0.75390625 0.07421875 0.053125
1 0.2015625 0.89609375 0.06484375 0.06328125
1 0.84765625 0.40859375 0.0625 0.0578125
1 0.4984375 0.89375 0.06484375 0.04453125
1 0.6734375 0.98046875 0.07578125 0.03515625