1 0.50078125 0.70859375 0.05234375 0.0296875
1 0.8734375 0.71484375 0.05390625 0.07734375
1 0.4125 0.409375 0.0453125 0.096875
1 0.2921875 0.3390625 0.0359375 0.06015625
1 0.178125 0.334375 0.0703125 0.06484375
1 0.20546875 0.425 0.06640625 0.0375
1 0.14453125 0.51875 0.04296875 0.06953125
1 0.08359375 0.54453125 0.04765625 0.0671875
1 0.21484375 0.60390625 0.0546875 0.06015625
1 0.10234375 0.78203125 0.06484375 0.0484375
1 0.3140625 0.87109375 0.07421875 0.046875
1 0.271875 0.95 0.065625 0.0453125
1 0.18125 0.90546875 0.05859375 0.040625
1 0.3265625 0.62578125 0.0796875 0.03359375
1 0.296875 0.70625 0.0546875 0.0484375
1 0.428125 0.7625 0.05 0.06484375
1 0.3078125 0.50859375 0.0671875 0.0765625
1 0.3984375 0.89765625 0.07734375 0.065625
1 0.39453125 0.9796875 0.07109375 0.03359375
1 0.5140625 0.953125 0.0546875 0.059375
1 0.546875 0.87109375 0.05078125 0.06171875
1 0.61875 0.8453125 0.09375 0.059375
1 0.44609375 0.49921875 0.06484375 0.0640625
1 0.475 0.57890625 0.065625 0.06171875
1 0.1171875 0.1828125 0.06953125 0.0484375
1 0.05234375 0.4 0.06640625 0.0359375
1 0.0359375 0.2984375 0.0609375 0.04765625
1 0.19453125 0.0828125 0.06796875 0.0453125
1 0.3421875 0.11640625 0.05546875 0.05703125
1 0.42421875 0.2265625 0.08203125 0.06328125
1 0.36640625 0.30078125 0.071875 0.046875
1 0.61640625 0.571875 0.05546875 0.06328125
1 0.771875 0.384375 0.0890625 0.05078125
1 0.728125 0.27421875 0.07109375 0.04921875
1 0.5015625 0.2109375 0.08359375 0.046875
1 0.36015625 0.025 0.07265625 0.04296875
1 0.45625 0.03515625 0.0640625 0.0671875
1 0.5234375 0.06796875 0.0828125 0.0578125
1 0.66796875 0.034375 0.07734375 0.05234375
1 0.65625 0.51875 0.08671875 0.03671875
1 0.72890625 0.76328125 0.065625 0.046875
1 0.89453125 0.39296875 0.07109375 0.0453125
1 0.87109375 0.05546875 0.06640625 0.04453125
1 0.74140625 0.19375 0.06328125 0.03984375
1 0.9578125 0.24921875 0.071875 0.03359375