1 0.24375 0.10703125 0.0609375 0.03203125
1 0.7640625 0.596875 0.028125 0.059375
1 0.0765625 0.02265625 0.02890625 0.0421875
1 0.65546875 0.15703125 0.059375 0.02890625
1 0.5515625 0.2453125 0.0421875 0.05234375
1 0.734375 0.659375 0.02734375 0.0546875
1 0.81015625 0.4328125 0.04453125 0.028125
1 0.32578125 0.78671875 0.04296875 0.0375
1 0.77890625 0.07890625 0.05390625 0.03125
1 0.94609375 0.54375 0.05390625 0.0296875
1 0.6359375 0.4890625 0.0625 0.02890625
1 0.21015625 0.81796875 0.0421875 0.04296875
1 0.353125 0.14921875 0.0640625 0.06015625
1 0.134375 0.49921875 0.04921875 0.04609375
1 0.64140625 0.73828125 0.0234375 0.0671875
1 0.390625 0.109375 0.0390625 0.0625
1 0.175 0.96953125 0.03203125 0.05859375