1 0.50078125 0.203125 0.07265625 0.03203125
1 0.0828125 0.39765625 0.0375 0.06484375
1 0.36328125 0.23828125 0.0453125 0.05234375
1 0.59765625 0.328125 0.03828125 0.03671875
1 0.74609375 0.2375 0.06328125 0.0453125
1 0.7171875 0.11875 0.05546875 0.04140625
1 0.853125 0.15234375 0.040625 0.0703125
1 0.021875 0.08359375 0.03984375 0.04453125
1 0.37265625 0.01953125 0.0671875 0.0390625
1 0.82109375 0.01796875 0.040625 0.03203125
1 0.1703125 0.6015625 0.0640625 0.03984375
1 0.6484375 0.48046875 0.07109375 0.03515625