1 0.95625 0.14296875 0.0640625 0.03046875
1 0.71953125 0.6875 0.0265625 0.05078125
1 0.128125 0.44453125 0.02734375 0.05234375
1 0.8640625 0.5046875 0.03671875 0.046875
1 0.2625 0.6859375 0.0515625 0.0296875
1 0.9875 0.85546875 0.025 0.0453125
1 0.24375 0.840625 0.04296875 0.06484375
1 0.38359375 0.8765625 0.04609375 0.0234375
1 0.85234375 0.28671875 0.06171875 0.028125
1 0.6640625 0.21640625 0.0328125 0.0515625
1 0.24765625 0.1546875 0.05234375 0.0609375
1 0.234375 0.65546875 0.07421875 0.0203125