1 0.9796875 0.97109375 0.03984375 0.0453125
1 0.92578125 0.759375 0.0328125 0.05625
1 0.62578125 0.053125 0.03125 0.06015625
1 0.1109375 0.03359375 0.0421875 0.0390625
1 0.4421875 0.7171875 0.03203125 0.046875
1 0.22578125 0.0140625 0.05078125 0.0265625
1 0.0265625 0.7109375 0.025 0.05859375
1 0.2671875 0.68984375 0.0390625 0.03359375
1 0.2046875 0.53359375 0.025 0.0359375
1 0.159375 0.4421875 0.0375 0.0328125
1 0.68125 0.32109375 0.0421875 0.04375
1 0.0359375 0.15625 0.04765625 0.034375
1 0.4453125 0.475 0.040625 0.07265625
1 0.62734375 0.7546875 0.0796875 0.0421875