1 0.0765625 0.3953125 0.02890625 0.05390625
1 0.96484375 0.7953125 0.034375 0.04453125
1 0.490625 0.10234375 0.05078125 0.02734375
1 0.8546875 0.54765625 0.0484375 0.0375
1 0.58359375 0.9515625 0.065625 0.034375
1 0.171875 0.73203125 0.065625 0.03125
1 0.73671875 0.18125 0.0640625 0.0296875
1 0.73984375 0.5515625 0.0421875 0.03984375
1 0.17109375 0.078125 0.0609375 0.02734375
1 0.6453125 0.03125 0.05078125 0.0328125
1 0.703125 0.51171875 0.04765625 0.03359375
0 0.946875 0.05703125 0.08203125 0.10703125
0 0.9640625 0.64609375 0.06796875 0.1203125
1 0.32265625 0.26796875 0.0671875 0.0453125
1 0.42265625 0.36796875 0.05625 0.0328125
1 0.09453125 0.89453125 0.04140625 0.0484375
0 0.51171875 0.778125 0.07109375 0.1234375
1 0.55390625 0.39453125 0.0578125 0.0265625
0 0.7734375 0.70859375 0.1234375 0.19375
0 0.61796875 0.55859375 0.0890625 0.15390625
0 0.49296875 0.4359375 0.07421875 0.140625
0 0.91640625 0.91484375 0.11640625 0.1296875
1 0.28671875 0.48359375 0.05546875 0.0421875
1 0.79375 0.4171875 0.08359375 0.02734375
1 0.090625 0.17421875 0.0484375 0.02421875