1 0.58515625 0.10625 0.0265625 0.05
1 0.31015625 0.97109375 0.028125 0.046875
1 0.66953125 0.52421875 0.0359375 0.05703125
1 0.70234375 0.1671875 0.06484375 0.04140625
1 0.1296875 0.5578125 0.02890625 0.04140625
1 0.98515625 0.7015625 0.0296875 0.03359375
1 0.0078125 0.58203125 0.015625 0.0296875
1 0.475 0.01953125 0.05703125 0.03046875
1 0.59296875 0.671875 0.0578125 0.03203125
1 0.69296875 0.90625 0.05859375 0.04375
1 0.81875 0.97109375 0.04609375 0.028125
1 0.4453125 0.9 0.021875 0.05390625
1 0.75625 0.54453125 0.0515625 0.05234375
1 0.915625 0.5171875 0.046875 0.05625
1 0.5453125 0.41328125 0.05 0.0734375