1 0.38515625 0.625 0.03828125 0.028125
1 0.546875 0.80859375 0.05625 0.0265625
1 0.9234375 0.6296875 0.03515625 0.05078125
1 0.37578125 0.96640625 0.0484375 0.03359375
1 0.7859375 0.36015625 0.0390625 0.028125
1 0.72109375 0.26484375 0.02890625 0.04609375
1 0.81640625 0.50546875 0.028125 0.053125
1 0.6328125 0.91953125 0.0796875 0.034375
1 0.73671875 0.6015625 0.03984375 0.07265625
1 0.46484375 0.5484375 0.05 0.05390625
1 0.16171875 0.784375 0.04140625 0.02890625
1 0.3453125 0.2984375 0.065625 0.03515625
1 0.96171875 0.33125 0.04609375 0.084375
1 0.934375 0.42265625 0.0421875 0.07734375
1 0.37734375 0.73359375 0.04609375 0.05