1 0.05546875 0.32109375 0.059375 0.028125
1 0.1890625 0.34296875 0.0359375 0.04921875
1 0.75390625 0.77265625 0.06875 0.03984375
1 0.82421875 0.65078125 0.06328125 0.0390625
1 0.4578125 0.365625 0.07109375 0.03125
1 0.9859375 0.07578125 0.02734375 0.0484375
1 0.678125 0.11484375 0.07578125 0.034375
1 0.5296875 0.30390625 0.04375 0.0515625
1 0.17265625 0.61484375 0.0578125 0.03046875
1 0.16328125 0.8453125 0.0578125 0.0703125
1 0.53203125 0.84453125 0.04375 0.059375
1 0.2921875 0.02578125 0.03828125 0.046875