1 0.58828125 0.37265625 0.0515625 0.02890625
1 0.40703125 0.45703125 0.059375 0.04296875
1 0.49453125 0.51796875 0.0765625 0.03828125
1 0.5125 0.61328125 0.07265625 0.04921875
1 0.03515625 0.96015625 0.05859375 0.03515625
1 0.2046875 0.30546875 0.040625 0.07578125
1 0.24296875 0.353125 0.0671875 0.034375
1 0.73515625 0.48046875 0.0953125 0.0265625
1 0.8046875 0.44296875 0.0625 0.0296875
1 0.9125 0.31796875 0.06796875 0.04921875
1 0.8765625 0.5171875 0.0828125 0.0296875
1 0.859375 0.5890625 0.07265625 0.03125
1 0.63515625 0.49765625 0.0375 0.04609375