1 0.6953125 0.35625 0.0453125 0.040625
1 0.1921875 0.27734375 0.03359375 0.0578125
1 0.18984375 0.69609375 0.071875 0.0625
1 0.8765625 0.94296875 0.03125 0.05546875
1 0.58515625 0.59453125 0.025 0.05078125
1 0.06484375 0.6203125 0.0703125 0.03203125
1 0.38984375 0.8078125 0.05703125 0.0296875
1 0.51796875 0.11171875 0.0546875 0.03359375
1 0.4046875 0.3421875 0.07265625 0.03125
1 0.25546875 0.83984375 0.05234375 0.03203125
1 0.34296875 0.54140625 0.0625 0.0296875
1 0.984375 0.13828125 0.03046875 0.03671875
1 0.08203125 0.85234375 0.065625 0.02890625
1 0.79453125 0.78671875 0.0546875 0.03125
1 0.73984375 0.22890625 0.0296875 0.059375
1 0.5484375 0.33203125 0.059375 0.03203125
1 0.6328125 0.01328125 0.03515625 0.02578125
1 0.784375 0.66484375 0.06328125 0.04921875
1 0.38203125 0.94375 0.06640625 0.0578125
1 0.36484375 0.75859375 0.0484375 0.06640625