1 0.14453125 0.86953125 0.0484375 0.06953125
1 0.3546875 0.41171875 0.02734375 0.05546875
1 0.4109375 0.96171875 0.05 0.07578125
1 0.70078125 0.0375 0.05859375 0.03125
1 0.58515625 0.328125 0.0578125 0.03671875
1 0.478125 0.79765625 0.06953125 0.028125
1 0.31484375 0.76875 0.0640625 0.0328125
1 0.3515625 0.828125 0.04921875 0.03046875
1 0.1 0.7140625 0.046875 0.03515625
1 0.0921875 0.2703125 0.05703125 0.05859375
1 0.15859375 0.403125 0.028125 0.071875
1 0.24765625 0.5078125 0.06484375 0.04140625
1 0.740625 0.7421875 0.06953125 0.04140625
1 0.765625 0.9421875 0.0609375 0.040625
1 0.02734375 0.31953125 0.046875 0.03984375
1 0.26171875 0.6703125 0.0609375 0.05390625
1 0.52421875 0.9859375 0.053125 0.0203125
1 0.49453125 0.7046875 0.0671875 0.02734375
1 0.66015625 0.6375 0.06640625 0.0421875