1 0.8078125 0.10703125 0.03125 0.0546875
1 0.846875 0.23359375 0.04609375 0.0390625
1 0.82421875 0.384375 0.0390625 0.04453125
1 0.21953125 0.13671875 0.05625 0.03359375
1 0.76015625 0.34296875 0.053125 0.034375
1 0.83125 0.71640625 0.0453125 0.03984375
1 0.40546875 0.87265625 0.0578125 0.028125
1 0.253125 0.803125 0.03671875 0.04921875
1 0.1484375 0.75234375 0.05390625 0.03203125
1 0.70703125 0.271875 0.053125 0.0390625
1 0.56171875 0.48046875 0.034375 0.03828125
1 0.83046875 0.4828125 0.0515625 0.0296875
1 0.50859375 0.3265625 0.0421875 0.046875
1 0.28046875 0.62890625 0.046875 0.075
0 0.18671875 0.8375 0.0640625 0.13046875
1 0.97265625 0.6921875 0.0328125 0.0671875
1 0.94140625 0.89140625 0.04453125 0.06484375
1 0.778125 0.78515625 0.06484375 0.059375