1 0.55859375 0.053125 0.03203125 0.05703125
1 0.33203125 0.4828125 0.05546875 0.03125
1 0.846875 0.13125 0.040625 0.06015625
1 0.7046875 0.265625 0.03203125 0.053125
1 0.08984375 0.42890625 0.0359375 0.0515625
1 0.37578125 0.278125 0.02890625 0.0546875
1 0.875 0.41171875 0.02890625 0.05390625
1 0.01015625 0.49609375 0.0203125 0.04609375
1 0.1953125 0.3953125 0.0296875 0.06015625
1 0.03359375 0.97421875 0.03359375 0.04765625
1 0.31640625 0.084375 0.0296875 0.065625
1 0.42578125 0.59765625 0.0359375 0.0609375
1 0.85703125 0.615625 0.05625 0.0265625
1 0.665625 0.778125 0.05390625 0.0390625
1 0.82265625 0.9734375 0.0328125 0.053125
1 0.4703125 0.83828125 0.03671875 0.084375
0 0.0625 0.3046875 0.0765625 0.06875