1 0.1546875 0.2609375 0.0484375 0.0484375
1 0.7671875 0.28984375 0.03828125 0.06015625
1 0.6515625 0.4609375 0.0578125 0.03671875
1 0.12890625 0.5484375 0.0375 0.04921875
1 0.315625 0.40625 0.05234375 0.03125
1 0.07890625 0.028125 0.0296875 0.05
1 0.190625 0.91953125 0.03359375 0.05234375
1 0.54296875 0.909375 0.03203125 0.02578125
1 0.21328125 0.00859375 0.04765625 0.0171875
0 0.76875 0.7546875 0.1875 0.10234375
1 0.5765625 0.7296875 0.040625 0.0625
1 0.1984375 0.74375 0.03828125 0.084375
1 0.1546875 0.8875 0.0640625 0.0296875
1 0.71171875 0.19609375 0.0453125 0.0546875