1 0.33828125 0.24609375 0.034375 0.04296875
1 0.375 0.94296875 0.05 0.03125
1 0.81640625 0.5328125 0.05234375 0.02890625
1 0.0546875 0.60390625 0.05 0.03046875
1 0.42421875 0.75859375 0.04296875 0.0421875
1 0.9453125 0.03359375 0.0296875 0.05390625
1 0.81328125 0.14140625 0.0390625 0.0359375
1 0.1078125 0.81796875 0.02421875 0.0515625
1 0.63671875 0.5 0.03828125 0.04453125
1 0.5515625 0.853125 0.0296875 0.04921875
1 0.6359375 0.08671875 0.04140625 0.0296875
1 0.53203125 0.521875 0.028125 0.053125
1 0.55078125 0.6375 0.028125 0.03984375
1 0.21484375 0.37421875 0.0703125 0.0484375
1 0.05390625 0.4859375 0.071875 0.0421875
1 0.22734375 0.6875 0.053125 0.02890625
1 0.7296875 0.65625 0.04453125 0.075
1 0.8078125 0.8171875 0.053125 0.05078125