1 0.18671875 0.9421875 0.04609375 0.03046875
1 0.09453125 0.0421875 0.04921875 0.03828125
1 0.2984375 0.6390625 0.03828125 0.04375
1 0.60546875 0.721875 0.06328125 0.06171875
1 0.9109375 0.86328125 0.04921875 0.04453125
1 0.69921875 0.59609375 0.028125 0.05390625
1 0.315625 0.43984375 0.0296875 0.046875
1 0.76953125 0.8546875 0.046875 0.07578125
1 0.98671875 0.7078125 0.02578125 0.03125
1 0.96171875 0.6515625 0.05 0.03125
1 0.2984375 0.1828125 0.0359375 0.0671875
1 0.02109375 0.2109375 0.03828125 0.0578125
1 0.22421875 0.74140625 0.034375 0.07109375