1 0.146875 0.6359375 0.04765625 0.03125
1 0.2640625 0.36640625 0.02890625 0.03046875
1 0.7453125 0.8140625 0.028125 0.05234375
0 0.42578125 0.0921875 0.09296875 0.12578125
1 0.8640625 0.834375 0.0515625 0.03046875
1 0.659375 0.15 0.028125 0.05234375
1 0.1375 0.52578125 0.05 0.034375
1 0.11640625 0.08671875 0.0859375 0.0375
1 0.36015625 0.48203125 0.04375 0.05546875
1 0.52109375 0.53515625 0.034375 0.05
1 0.79609375 0.53828125 0.065625 0.05
1 0.62109375 0.9359375 0.06484375 0.05078125
1 0.0234375 0.80703125 0.0421875 0.04765625
1 0.76875 0.9796875 0.04921875 0.03515625