1 0.7640625 0.103125 0.0640625 0.03046875
1 0.284375 0.86640625 0.07734375 0.03515625
1 0.7375 0.421875 0.06953125 0.03046875
1 0.3921875 0.98203125 0.0578125 0.03125
1 0.59296875 0.365625 0.059375 0.02734375
1 0.89453125 0.48671875 0.0609375 0.02890625
1 0.62578125 0.09765625 0.06015625 0.059375
1 0.4953125 0.10859375 0.065625 0.0546875
1 0.31484375 0.26796875 0.06953125 0.03515625
1 0.12421875 0.8390625 0.05234375 0.06171875
1 0.94609375 0.82734375 0.06328125 0.0515625
1 0.93046875 0.30078125 0.06953125 0.03203125
1 0.98515625 0.35 0.0265625 0.040625
1 0.828125 0.9671875 0.05546875 0.06171875