1 0.0203125 0.0953125 0.02890625 0.05390625
1 0.071875 0.96015625 0.03125 0.0625
1 0.84453125 0.9109375 0.028125 0.05859375
1 0.27109375 0.10078125 0.0296875 0.04921875
1 0.15859375 0.384375 0.04921875 0.0359375
1 0.4578125 0.47578125 0.046875 0.0296875
1 0.328125 0.446875 0.04296875 0.028125
1 0.415625 0.00859375 0.028125 0.01640625
1 0.36953125 0.190625 0.07109375 0.03515625
1 0.0390625 0.24375 0.05546875 0.05234375
1 0.11015625 0.109375 0.06171875 0.03984375
1 0.56015625 0.8734375 0.040625 0.078125
1 0.23125 0.665625 0.0625 0.0703125
1 0.028125 0.6140625 0.05234375 0.06875