1 0.91171875 0.4296875 0.04140625 0.04609375
1 0.78359375 0.82265625 0.0484375 0.025
1 0.7875 0.96171875 0.03828125 0.040625
1 0.91875 0.053125 0.0609375 0.0296875
1 0.3640625 0.36328125 0.06484375 0.03828125
1 0.2109375 0.4953125 0.06484375 0.0359375
1 0.55 0.36953125 0.06171875 0.02890625
1 0.9140625 0.4734375 0.06484375 0.03359375
1 0.9421875 0.66484375 0.05 0.05234375
1 0.56640625 0.7375 0.0828125 0.03125
1 0.22421875 0.95625 0.06484375 0.05078125
1 0.20703125 0.08125 0.0765625 0.05078125
1 0.65703125 0.234375 0.07734375 0.03671875
1 0.39609375 0.521875 0.06328125 0.03125
1 0.47734375 0.8421875 0.05859375 0.025
1 0.91953125 0.17421875 0.05390625 0.053125
1 0.7640625 0.6921875 0.03984375 0.08359375