1 0.4171875 0.153125 0.02578125 0.05078125
1 0.2375 0.4 0.0625 0.05078125
1 0.1640625 0.98125 0.02578125 0.0328125
1 0.940625 0.940625 0.053125 0.03125
1 0.5140625 0.41015625 0.06328125 0.053125
1 0.38984375 0.50234375 0.0390625 0.084375
1 0.49140625 0.74921875 0.03515625 0.065625
1 0.17890625 0.57109375 0.03984375 0.0671875
1 0.075 0.275 0.06171875 0.0453125
1 0.9171875 0.3296875 0.0546875 0.05625
1 0.8953125 0.55859375 0.07265625 0.03125
1 0.76875 0.45 0.0765625 0.046875
1 0.75390625 0.12421875 0.05703125 0.046875
1 0.64375 0.06015625 0.07734375 0.03828125
1 0.378125 0.02734375 0.053125 0.046875
1 0.1609375 0.13203125 0.0515625 0.02890625