1 0.85390625 0.18828125 0.0296875 0.059375
1 0.90703125 0.15859375 0.06015625 0.02734375
1 0.72890625 0.63515625 0.05859375 0.03515625
1 0.3015625 0.8765625 0.0640625 0.03046875
1 0.4328125 0.76953125 0.05625 0.03671875
1 0.15546875 0.146875 0.06171875 0.034375
1 0.9265625 0.73359375 0.0453125 0.03125
1 0.5578125 0.28359375 0.05078125 0.03046875
1 0.428125 0.1421875 0.025 0.05234375
1 0.04296875 0.721875 0.0578125 0.03046875
1 0.3828125 0.91953125 0.0671875 0.028125
1 0.2734375 0.08828125 0.02265625 0.04375
1 0.28671875 0.36796875 0.0609375 0.0265625
1 0.1953125 0.58203125 0.046875 0.03125
1 0.05703125 0.9328125 0.0328125 0.0328125
1 0.53046875 0.4734375 0.03671875 0.06640625
1 0.24375 0.2296875 0.06953125 0.03828125
1 0.1796875 0.40859375 0.0734375 0.04921875
1 0.6953125 0.06953125 0.04921875 0.06171875