1 0.30625 0.14921875 0.05 0.04453125
1 0.35625 0.5421875 0.0359375 0.05390625
1 0.91171875 0.28359375 0.02734375 0.06484375
1 0.2640625 0.8875 0.0421875 0.05234375
1 0.76015625 0.3109375 0.03671875 0.05859375
1 0.146875 0.21328125 0.06015625 0.03125
1 0.721875 0.09921875 0.0546875 0.028125
1 0.4703125 0.40546875 0.0390625 0.05546875
1 0.675 0.3984375 0.02421875 0.05625
1 0.696875 0.94765625 0.07265625 0.06484375
1 0.95859375 0.94921875 0.06015625 0.06484375
1 0.9609375 0.8296875 0.046875 0.053125
1 0.27109375 0.08828125 0.040625 0.0421875
1 0.5921875 0.49375 0.03515625 0.07890625