1 0.315625 0.04453125 0.06796875 0.03359375
1 0.72109375 0.8765625 0.05 0.0484375
1 0.03046875 0.28359375 0.0515625 0.0328125
1 0.98359375 0.2453125 0.0328125 0.04375
0 0.6125 0.71875 0.0796875 0.1203125
1 0.046875 0.9328125 0.0484375 0.0296875
1 0.28046875 0.8171875 0.04609375 0.03671875
1 0.78125 0.390625 0.053125 0.0328125
0 0.6671875 0.4453125 0.07890625 0.1328125
1 0.34921875 0.2890625 0.0515625 0.03671875
1 0.82890625 0.6640625 0.0390625 0.0515625
1 0.4828125 0.540625 0.0265625 0.06484375
1 0.78671875 0.9265625 0.0296875 0.05078125
1 0.7640625 0.1546875 0.0390625 0.04921875
1 0.5421875 0.0546875 0.0578125 0.02578125
0 0.77734375 0.54921875 0.0703125 0.09375
1 0.28046875 0.60234375 0.05078125 0.0453125
1 0.04765625 0.80625 0.0609375 0.03125
1 0.59140625 0.1328125 0.02734375 0.04765625
0 0.26953125 0.52890625 0.128125 0.0859375
0 0.67265625 0.9296875 0.096875 0.06171875