1 0.3671875 0.5546875 0.05078125 0.0375
1 0.196875 0.35546875 0.0453125 0.03828125
1 0.08984375 0.053125 0.04921875 0.02890625
1 0.55 0.70703125 0.028125 0.05234375
1 0.6796875 0.68984375 0.04296875 0.03828125
1 0.70859375 0.92265625 0.05546875 0.0265625
1 0.27890625 0.77890625 0.04921875 0.025
1 0.65625 0.3875 0.0296875 0.05625
1 0.50390625 0.4828125 0.05625 0.02734375
1 0.36953125 0.234375 0.0296875 0.07578125
1 0.10234375 0.5046875 0.046875 0.06015625
1 0.19921875 0.153125 0.06953125 0.0484375
1 0.540625 0.87578125 0.04921875 0.03203125
1 0.48203125 0.37421875 0.08828125 0.0296875
1 0.76640625 0.50546875 0.04765625 0.02421875
1 0.56484375 0.9375 0.02578125 0.04765625
1 0.14765625 0.65703125 0.05 0.07578125
1 0.6359375 0.20625 0.0453125 0.03125
1 0.746875 0.08125 0.0328125 0.0328125
1 0.58671875 0.02734375 0.0234375 0.03203125
1 0.27734375 0.4828125 0.04296875 0.07265625
1 0.14765625 0.9765625 0.0765625 0.03828125