1 0.16640625 0.43203125 0.04140625 0.0375
1 0.46328125 0.5859375 0.0359375 0.046875
1 0.4609375 0.7171875 0.0484375 0.02578125
1 0.32421875 0.584375 0.05390625 0.02890625
1 0.615625 0.56484375 0.04765625 0.03671875
1 0.22421875 0.1625 0.046875 0.05078125
1 0.42265625 0.753125 0.02265625 0.053125
1 0.78828125 0.74921875 0.04765625 0.02890625
1 0.61796875 0.1078125 0.03046875 0.05078125
1 0.05078125 0.64921875 0.02734375 0.05
1 0.77734375 0.51953125 0.0265625 0.05078125
1 0.30859375 0.04453125 0.03515625 0.03671875
0 0.07421875 0.47265625 0.0640625 0.09375
1 0.76875 0.3953125 0.059375 0.0640625
1 0.79375 0.30703125 0.0421875 0.05234375
1 0.546875 0.34765625 0.06328125 0.028125
1 0.346875 0.37890625 0.03515625 0.059375