1 0.6625 0.8171875 0.06484375 0.0296875
1 0.1890625 0.471875 0.0546875 0.0296875
1 0.540625 0.6 0.03125 0.03046875
1 0.709375 0.2125 0.028125 0.02734375
1 0.62734375 0.6171875 0.046875 0.0640625
1 0.78359375 0.55625 0.053125 0.03515625
1 0.60234375 0.4796875 0.07109375 0.0390625
1 0.9265625 0.08828125 0.0390625 0.04453125
1 0.78671875 0.38671875 0.0484375 0.05546875
1 0.73671875 0.4171875 0.065625 0.03828125
1 0.5484375 0.0671875 0.05234375 0.0296875
1 0.575 0.30625 0.05859375 0.03515625
1 0.93359375 0.771875 0.03515625 0.0734375