1 0.40546875 0.73984375 0.02578125 0.06015625
1 0.38125 0.4984375 0.0578125 0.03125
1 0.7671875 0.11171875 0.065625 0.0546875
1 0.01953125 0.30703125 0.03359375 0.05859375
1 0.4640625 0.3234375 0.05703125 0.028125
1 0.33828125 0.65703125 0.040625 0.03671875
1 0.38828125 0.38984375 0.05390625 0.02890625
1 0.16328125 0.25 0.0484375 0.03515625
1 0.67890625 0.146875 0.05234375 0.0609375
1 0.28671875 0.7671875 0.065625 0.03125
1 0.9890625 0.57421875 0.01875 0.0375
1 0.11953125 0.68984375 0.0390625 0.05078125
1 0.4640625 0.1921875 0.04296875 0.07109375
1 0.77265625 0.5703125 0.03125 0.053125
1 0.86796875 0.59375 0.05859375 0.034375
1 0.81328125 0.5328125 0.0328125 0.05234375
1 0.13125 0.06328125 0.07109375 0.03671875
0 0.58203125 0.79375 0.11640625 0.1515625
1 0.975 0.17890625 0.04765625 0.06640625