1 0.1 0.7171875 0.03515625 0.04765625
1 0.84296875 0.38359375 0.040625 0.04921875
1 0.9765625 0.5171875 0.0390625 0.04921875
1 0.50703125 0.09609375 0.05625 0.03046875
1 0.965625 0.62578125 0.04296875 0.02578125
1 0.69140625 0.7265625 0.040625 0.04453125
1 0.33203125 0.1625 0.04453125 0.03984375
1 0.3609375 0.9578125 0.04140625 0.0375
1 0.52421875 0.51484375 0.034375 0.04453125
1 0.49140625 0.3578125 0.028125 0.05625
1 0.66171875 0.28203125 0.05625 0.02890625
1 0.7359375 0.06875 0.04140625 0.040625
1 0.17578125 0.74765625 0.02734375 0.05
1 0.84765625 0.70078125 0.0546875 0.02890625
1 0.353125 0.25703125 0.04296875 0.034375
1 0.840625 0.79375 0.046875 0.0296875
1 0.1125 0.5296875 0.05703125 0.03203125
1 0.0859375 0.95234375 0.0359375 0.05859375
1 0.675 0.9671875 0.06328125 0.04765625
1 0.7546875 0.53046875 0.03359375 0.07265625
1 0.965625 0.69765625 0.0671875 0.0265625
1 0.54375 0.23359375 0.07890625 0.03828125
1 0.29765625 0.39375 0.0578125 0.0453125
1 0.425 0.73125 0.06015625 0.04765625
0 0.0921875 0.47421875 0.1125 0.14140625