1 0.896875 0.43828125 0.03203125 0.0546875
1 0.096875 0.27578125 0.03828125 0.05390625
1 0.5359375 0.76328125 0.0296875 0.05546875
1 0.70859375 0.5015625 0.02890625 0.04921875
1 0.384375 0.734375 0.034375 0.05078125
1 0.03984375 0.45703125 0.03125 0.0484375
1 0.23046875 0.45703125 0.065625 0.04375
1 0.36875 0.25 0.05859375 0.03125
1 0.859375 0.56875 0.04921875 0.03046875
1 0.50625 0.92890625 0.0484375 0.0296875
1 0.7453125 0.01328125 0.0453125 0.0265625
1 0.3953125 0.340625 0.0609375 0.0296875
1 0.80546875 0.23203125 0.0359375 0.0453125
1 0.66171875 0.55390625 0.02734375 0.03046875
1 0.8609375 0.9859375 0.05234375 0.02421875
1 0.303125 0.8640625 0.028125 0.03984375
1 0.95390625 0.02734375 0.0671875 0.028125
1 0.3765625 0.934375 0.0515625 0.034375
1 0.9171875 0.84296875 0.028125 0.04453125
1 0.1546875 0.609375 0.040625 0.06015625
1 0.46015625 0.478125 0.05703125 0.06171875
1 0.5578125 0.41484375 0.0578125 0.05234375
1 0.759375 0.1375 0.06640625 0.040625