1 0.3171875 0.9625 0.0390625 0.04609375
1 0.82109375 0.95703125 0.03046875 0.059375
1 0.54609375 0.040625 0.0359375 0.0484375
1 0.88125 0.6765625 0.028125 0.05546875
1 0.74375 0.6671875 0.025 0.05234375
1 0.98046875 0.3578125 0.0328125 0.05703125
1 0.04765625 0.715625 0.053125 0.0375
1 0.65078125 0.48984375 0.028125 0.03671875
1 0.94765625 0.478125 0.0296875 0.05234375
1 0.20703125 0.8515625 0.053125 0.0328125
1 0.2625 0.3390625 0.05546875 0.0265625
1 0.08046875 0.909375 0.04609375 0.03125
1 0.503125 0.440625 0.0421875 0.0375
1 0.5625 0.30546875 0.05390625 0.0625
1 0.5421875 0.22578125 0.0578125 0.05546875
1 0.06484375 0.3625 0.04375 0.04453125
1 0.1625 0.36328125 0.05625 0.03515625
1 0.4125 0.08671875 0.06171875 0.0359375
1 0.96484375 0.2296875 0.040625 0.0671875
1 0.696875 0.45859375 0.04765625 0.06484375
0 0.2703125 0.5671875 0.1609375 0.09765625
1 0.3234375 0.1578125 0.05390625 0.04609375
1 0.42109375 0.37421875 0.05546875 0.065625