1 0.34609375 0.58046875 0.04921875 0.06640625
1 0.178125 0.37265625 0.05 0.1
1 0.1796875 0.6203125 0.04296875 0.08984375
1 0.1875 0.9140625 0.040625 0.0984375
1 0.5234375 0.3140625 0.053125 0.08515625
1 0.61875 0.7140625 0.04296875 0.08203125
1 0.6875 0.753125 0.0453125 0.1015625
1 0.7265625 0.43828125 0.0359375 0.12265625
1 0.6609375 0.125 0.0375 0.11015625
1 0.8375 0.1703125 0.04921875 0.09375
1 0.97265625 0.321875 0.05078125 0.06640625
1 0.515625 0.0640625 0.059375 0.05859375
1 0.13984375 0.025 0.08125 0.05