1 0.19296875 0.3703125 0.05390625 0.0296875
1 0.98125 0.540625 0.0296875 0.05859375
1 0.46328125 0.190625 0.0640625 0.0296875
1 0.4578125 0.89609375 0.053125 0.03515625
1 0.340625 0.5734375 0.0328125 0.0578125
1 0.925 0.11953125 0.03046875 0.0609375
1 0.12109375 0.89375 0.065625 0.03203125
1 0.828125 0.28828125 0.0375 0.040625
1 0.68203125 0.5796875 0.0453125 0.046875
1 0.1625 0.97890625 0.02890625 0.03125
1 0.57578125 0.28671875 0.078125 0.05234375
1 0.08828125 0.1015625 0.06953125 0.06875
1 0.3375 0.0328125 0.09453125 0.0421875
1 0.4828125 0.5890625 0.04140625 0.0734375
1 0.78671875 0.8828125 0.040625 0.046875
1 0.6703125 0.31484375 0.06875 0.05390625