1 0.20390625 0.15 0.040625 0.053125
1 0.053125 0.46015625 0.059375 0.03515625
1 0.09765625 0.9515625 0.0265625 0.06015625
1 0.73125 0.60390625 0.05078125 0.0296875
1 0.23125 0.07421875 0.06015625 0.0328125
1 0.4859375 0.059375 0.04296875 0.053125
1 0.95390625 0.9734375 0.05546875 0.0359375
1 0.96484375 0.1828125 0.03125 0.05234375
1 0.47578125 0.8578125 0.0625 0.03125
1 0.87734375 0.59609375 0.0390625 0.02890625
1 0.71640625 0.31953125 0.03671875 0.03828125
1 0.72890625 0.20078125 0.06328125 0.028125
1 0.83828125 0.7546875 0.046875 0.02890625