1 0.9578125 0.4609375 0.0671875 0.02890625
1 0.503125 0.225 0.0296875 0.04921875
1 0.68828125 0.54375 0.0515625 0.04921875
1 0.103125 0.61640625 0.05625 0.034375
1 0.31328125 0.1984375 0.0359375 0.05390625
1 0.4828125 0.99140625 0.04921875 0.015625
1 0.12109375 0.44609375 0.0375 0.046875
1 0.7125 0.22890625 0.0515625 0.03125
1 0.25546875 0.11796875 0.0703125 0.02890625
1 0.14140625 0.73125 0.0609375 0.04609375
1 0.840625 0.16484375 0.028125 0.05859375
1 0.40859375 0.928125 0.034375 0.03125
1 0.0609375 0.24609375 0.0375 0.04375
1 0.9859375 0.7484375 0.025 0.03984375
1 0.21875 0.54140625 0.0265625 0.0734375
1 0.36796875 0.4515625 0.078125 0.0375
1 0.2421875 0.56953125 0.02890625 0.06875
1 0.7609375 0.61640625 0.04140625 0.0640625
1 0.775 0.05546875 0.0578125 0.0625