1 0.8171875 0.86484375 0.04296875 0.0546875
1 0.6171875 0.6765625 0.05234375 0.04609375
1 0.709375 0.5453125 0.0421875 0.05234375
1 0.48515625 0.55546875 0.02890625 0.0375
1 0.19375 0.7453125 0.04296875 0.0546875
1 0.01796875 0.69375 0.03203125 0.04140625
1 0.8140625 0.0875 0.028125 0.05234375
1 0.75078125 0.50078125 0.0515625 0.04140625
1 0.7296875 0.28515625 0.0609375 0.02734375
1 0.24296875 0.2515625 0.05546875 0.0296875
1 0.14453125 0.70625 0.04765625 0.03671875
1 0.33046875 0.475 0.06328125 0.02734375
1 0.43828125 0.37578125 0.03203125 0.05546875
1 0.478125 0.9890625 0.03671875 0.01796875
1 0.5078125 0.08046875 0.09453125 0.0546875