1 0.2359375 0.30703125 0.07734375 0.03046875
1 0.0453125 0.021875 0.0484375 0.03671875
1 0.7265625 0.54609375 0.053125 0.053125
1 0.03046875 0.753125 0.02734375 0.04921875
1 0.47890625 0.52734375 0.05859375 0.04765625
1 0.91328125 0.22890625 0.06953125 0.05625
1 0.6546875 0.36875 0.05859375 0.028125
1 0.35625 0.2953125 0.025 0.0515625
1 0.80234375 0.40703125 0.03046875 0.05234375
1 0.71953125 0.04921875 0.034375 0.05078125
1 0.27421875 0.16328125 0.05546875 0.0578125
1 0.94140625 0.40078125 0.05703125 0.04453125