1 0.5921875 0.5140625 0.05 0.03359375
1 0.959375 0.91328125 0.053125 0.03984375
1 0.02734375 0.5203125 0.05234375 0.03125
1 0.38984375 0.5375 0.04296875 0.0484375
1 0.5453125 0.90625 0.059375 0.03359375
1 0.14140625 0.05625 0.06796875 0.03125
1 0.3484375 0.8234375 0.03984375 0.04609375
1 0.93125 0.2125 0.02890625 0.05
1 0.86796875 0.93984375 0.04921875 0.03515625
1 0.4890625 0.75390625 0.0625 0.0328125
1 0.41171875 0.01875 0.0421875 0.034375
1 0.6953125 0.31953125 0.0453125 0.04296875
1 0.91796875 0.596875 0.06875 0.03671875
1 0.2125 0.27578125 0.03046875 0.065625
1 0.32578125 0.4125 0.0734375 0.03203125
1 0.7578125 0.24140625 0.04765625 0.0578125
1 0.73515625 0.1328125 0.06171875 0.04140625
1 0.790625 0.8359375 0.05390625 0.06796875
1 0.67578125 0.6984375 0.0578125 0.07109375