1 0.4328125 0.0875 0.02890625 0.05703125
1 0.009375 0.18046875 0.01875 0.0609375
1 0.24609375 0.06171875 0.03046875 0.05
1 0.23828125 0.25546875 0.0390625 0.04609375
1 0.60859375 0.603125 0.0328125 0.05390625
1 0.6578125 0.828125 0.05703125 0.03046875
1 0.4203125 0.9015625 0.05546875 0.0328125
1 0.059375 0.059375 0.05078125 0.04296875
1 0.68203125 0.521875 0.05859375 0.02890625
1 0.0578125 0.4828125 0.0546875 0.03046875
1 0.553125 0.3609375 0.034375 0.04140625
1 0.08359375 0.63671875 0.03359375 0.03515625
1 0.471875 0.434375 0.03828125 0.0296875
1 0.9484375 0.45703125 0.03359375 0.04375
1 0.5015625 0.25234375 0.07265625 0.0765625
1 0.88515625 0.55078125 0.03828125 0.08125
1 0.759375 0.1109375 0.05 0.05390625
1 0.765625 0.18203125 0.065625 0.0625