1 0.9578125 0.19609375 0.0546875 0.0328125
1 0.92890625 0.6609375 0.0265625 0.04140625
1 0.44140625 0.04609375 0.08046875 0.03515625
1 0.24453125 0.5796875 0.0796875 0.03515625
1 0.7640625 0.5703125 0.06875 0.02890625
1 0.92578125 0.5625 0.01953125 0.03359375
1 0.65390625 0.846875 0.0515625 0.04140625
1 0.03984375 0.7921875 0.04453125 0.02421875
1 0.4953125 0.77578125 0.06640625 0.03359375
1 0.9875 0.91015625 0.01953125 0.034375
1 0.50859375 0.44375 0.078125 0.0375
1 0.42421875 0.796875 0.04609375 0.06796875
1 0.665625 0.74609375 0.08359375 0.0390625
1 0.22890625 0.859375 0.05390625 0.034375
1 0.11328125 0.4109375 0.0578125 0.046875
0 0.775 0.49453125 0.14609375 0.1234375
1 0.83828125 0.19765625 0.059375 0.034375
1 0.83515625 0.98515625 0.0546875 0.0296875
1 0.09296875 0.63671875 0.06953125 0.05078125