1 0.83203125 0.79921875 0.0421875 0.0453125
1 0.590625 0.79375 0.02734375 0.05078125
1 0.28828125 0.65859375 0.0515625 0.028125
1 0.5390625 0.13671875 0.0390625 0.04609375
1 0.97421875 0.46328125 0.0453125 0.04375
1 0.60859375 0.5734375 0.06328125 0.04453125
1 0.478125 0.77421875 0.07109375 0.03984375
1 0.4796875 0.83515625 0.0359375 0.05859375
1 0.775 0.6390625 0.03125 0.0671875
1 0.75 0.8515625 0.05546875 0.04453125
1 0.4 0.925 0.06875 0.0609375
1 0.390625 0.6796875 0.04375 0.059375
1 0.48203125 0.25703125 0.07578125 0.0484375