1 0.4921875 0.69921875 0.0453125 0.03671875
1 0.228125 0.159375 0.05703125 0.025
1 0.0390625 0.57109375 0.0296875 0.05078125
1 0.74453125 0.7484375 0.02578125 0.0515625
1 0.56640625 0.57265625 0.06640625 0.03046875
1 0.88515625 0.853125 0.046875 0.04140625
1 0.428125 0.91640625 0.06484375 0.0328125
1 0.4546875 0.78828125 0.05234375 0.03828125
1 0.615625 0.87421875 0.02734375 0.05625
1 0.92734375 0.2203125 0.05234375 0.02890625
1 0.3 0.80546875 0.0546875 0.0359375
1 0.9015625 0.6625 0.0625 0.02578125
1 0.63984375 0.76328125 0.06875 0.0328125
1 0.80390625 0.41328125 0.0359375 0.0421875
1 0.98671875 0.9375 0.0265625 0.0375
1 0.35390625 0.1421875 0.053125 0.02890625
1 0.68125 0.96796875 0.05546875 0.0359375
1 0.56484375 0.24765625 0.03984375 0.04140625
1 0.965625 0.4609375 0.046875 0.07421875
1 0.52890625 0.64609375 0.06015625 0.0546875
1 0.66328125 0.8671875 0.065625 0.05390625
0 0.8875 0.3171875 0.0875 0.18671875
1 0.765625 0.84140625 0.0453125 0.07890625
1 0.1359375 0.05703125 0.02890625 0.08671875
1 0.79765625 0.96171875 0.08203125 0.028125