1 0.14609375 0.828125 0.1234375 0.04453125
1 0.84453125 0.821875 0.075 0.028125
1 0.39453125 0.15625 0.084375 0.0328125
1 0.25703125 0.265625 0.0734375 0.0328125
1 0.553125 0.2046875 0.05390625 0.06015625
1 0.80859375 0.234375 0.06640625 0.0625
1 0.6828125 0.36015625 0.06796875 0.07421875
1 0.56875 0.5890625 0.06875 0.06796875
1 0.44453125 0.46875 0.1 0.0765625
1 0.5921875 0.6765625 0.05390625 0.0859375
1 0.8890625 0.46171875 0.12109375 0.03828125
1 0.871875 0.95078125 0.11640625 0.03984375
1 0.05703125 0.321875 0.103125 0.03671875
1 0.05625 0.1484375 0.1015625 0.03984375