1 0.64609375 0.296875 0.046875 0.03984375
1 0.8 0.665625 0.03203125 0.06328125
1 0.35703125 0.16171875 0.03125 0.053125
1 0.6640625 0.6 0.05234375 0.03203125
1 0.36484375 0.840625 0.03125 0.053125
1 0.38359375 0.70859375 0.05 0.02734375
1 0.853125 0.1015625 0.03515625 0.04609375
1 0.97421875 0.5828125 0.0515625 0.034375
1 0.259375 0.28125 0.0265625 0.05078125
1 0.546875 0.934375 0.0640625 0.03203125
1 0.14296875 0.58125 0.05546875 0.03046875
1 0.18515625 0.45703125 0.04765625 0.04609375
1 0.63515625 0.7390625 0.040625 0.04609375
1 0.38359375 0.6 0.0515625 0.0375
1 0.0515625 0.61953125 0.053125 0.0359375
1 0.38515625 0.49140625 0.05703125 0.03203125
1 0.04296875 0.84765625 0.03046875 0.034375
1 0.27734375 0.66796875 0.034375 0.04609375
1 0.475 0.83828125 0.0671875 0.05546875
1 0.76328125 0.97109375 0.0671875 0.04765625
1 0.88125 0.31015625 0.05234375 0.078125
1 0.775 0.40234375 0.06796875 0.04140625
1 0.0296875 0.40625 0.0375 0.07421875
1 0.1671875 0.75625 0.03515625 0.0859375