1 0.5703125 0.11953125 0.0328125 0.04765625
0 0.24375 0.19453125 0.09765625 0.1203125
1 0.9875 0.86796875 0.02109375 0.0484375
1 0.35234375 0.2578125 0.04765625 0.03203125
1 0.7984375 0.46171875 0.0484375 0.03515625
1 0.83125 0.028125 0.0484375 0.0375
1 0.725 0.84609375 0.065625 0.03125
1 0.90703125 0.30625 0.034375 0.0515625
1 0.10859375 0.31640625 0.05390625 0.03515625
1 0.234375 0.5921875 0.0359375 0.05546875
1 0.97109375 0.65703125 0.0515625 0.02890625
1 0.49921875 0.546875 0.03125 0.05546875
1 0.7015625 0.26328125 0.0328125 0.03671875
1 0.765625 0.65859375 0.0484375 0.0671875
1 0.528125 0.97109375 0.034375 0.05078125
1 0.20625 0.8109375 0.0296875 0.07109375