1 0.59375 0.7296875 0.02890625 0.0546875
1 0.9796875 0.97890625 0.03984375 0.03046875
1 0.74765625 0.453125 0.053125 0.0421875
1 0.38828125 0.24296875 0.05 0.03203125
1 0.9671875 0.059375 0.04921875 0.0359375
1 0.13671875 0.28671875 0.04765625 0.0296875
1 0.58046875 0.3828125 0.02578125 0.05078125
1 0.8796875 0.6734375 0.025 0.03515625
1 0.728125 0.315625 0.0265625 0.0390625
1 0.67421875 0.11484375 0.04296875 0.0453125
1 0.4390625 0.390625 0.0265625 0.05078125
1 0.83671875 0.471875 0.03828125 0.0453125
0 0.61796875 0.23046875 0.1703125 0.08203125
1 0.2890625 0.17734375 0.05703125 0.0796875
1 0.95703125 0.221875 0.06953125 0.06171875
1 0.79921875 0.82109375 0.05234375 0.04921875
1 0.17890625 0.6859375 0.03359375 0.0734375