1 0.703125 0.13046875 0.028125 0.05625
1 0.628125 0.2578125 0.034375 0.04921875
1 0.47421875 0.54921875 0.03359375 0.0515625
1 0.040625 0.40234375 0.03359375 0.05859375
1 0.79765625 0.7125 0.03671875 0.040625
1 0.8578125 0.8875 0.05234375 0.0296875
1 0.58359375 0.3546875 0.05078125 0.028125
1 0.0140625 0.134375 0.028125 0.05390625
1 0.2921875 0.61015625 0.0265625 0.05625
1 0.59765625 0.57578125 0.04609375 0.07265625
1 0.4 0.746875 0.05546875 0.07578125
1 0.35234375 0.425 0.05703125 0.0578125
1 0.75859375 0.390625 0.0390625 0.059375
1 0.60234375 0.190625 0.0296875 0.07890625
1 0.4140625 0.13046875 0.06484375 0.065625
1 0.0203125 0.5671875 0.034375 0.07578125
1 0.96953125 0.36796875 0.053125 0.0546875