1 0.60234375 0.27578125 0.0484375 0.04140625
1 0.503125 0.65703125 0.04921875 0.04765625
1 0.25 0.65546875 0.02890625 0.05859375
1 0.1953125 0.3875 0.03671875 0.046875
1 0.565625 0.90546875 0.03828125 0.04375
1 0.8171875 0.82578125 0.05 0.04453125
1 0.309375 0.48671875 0.04140625 0.040625
1 0.0328125 0.66484375 0.05078125 0.0359375
1 0.15390625 0.90390625 0.03359375 0.059375
1 0.325 0.66796875 0.0515625 0.02890625
1 0.1578125 0.2390625 0.05625 0.0328125
1 0.7890625 0.9828125 0.03125 0.034375
1 0.02734375 0.5265625 0.0515625 0.03828125
1 0.63515625 0.53515625 0.0515625 0.02890625
1 0.95234375 0.02734375 0.03515625 0.04296875
1 0.0140625 0.43203125 0.0265625 0.053125
1 0.0515625 0.2984375 0.028125 0.04609375