1 0.15234375 0.8171875 0.04296875 0.040625
1 0.7875 0.10546875 0.0265625 0.05546875
1 0.85859375 0.20078125 0.0515625 0.02890625
1 0.31171875 0.40703125 0.053125 0.04140625
1 0.0859375 0.4765625 0.0421875 0.03515625
1 0.14921875 0.6046875 0.040625 0.04609375
1 0.121875 0.6953125 0.059375 0.03046875
1 0.225 0.8703125 0.05234375 0.0390625
1 0.5421875 0.66484375 0.05078125 0.04765625
1 0.5265625 0.50859375 0.03984375 0.06015625
1 0.4484375 0.38125 0.03125 0.0484375
1 0.44921875 0.19609375 0.034375 0.05703125
1 0.684375 0.1578125 0.0515625 0.03046875
1 0.728125 0.2546875 0.0359375 0.0671875
1 0.2234375 0.109375 0.04375 0.04296875
1 0.1515625 0.134375 0.0453125 0.05390625
1 0.11328125 0.02578125 0.05234375 0.04609375
1 0.084375 0.903125 0.0453125 0.03203125
1 0.60703125 0.02109375 0.034375 0.0390625