1 0.03984375 0.06328125 0.05859375 0.03515625
1 0.1125 0.16875 0.05078125 0.0625
1 0.27578125 0.18125 0.06328125 0.03671875
1 0.128125 0.265625 0.096875 0.034375
1 0.17421875 0.3734375 0.06796875 0.04296875
1 0.034375 0.29140625 0.0609375 0.0296875
1 0.046875 0.390625 0.0765625 0.04453125
1 0.11796875 0.5125 0.075 0.03359375
1 0.1875 0.4921875 0.06328125 0.03203125
1 0.25859375 0.66484375 0.0515625 0.05625
1 0.11640625 0.6109375 0.0734375 0.02578125
1 0.1046875 0.71796875 0.08046875 0.040625
1 0.05 0.8453125 0.03671875 0.08125
1 0.11484375 0.82265625 0.0921875 0.0375
1 0.14296875 0.9375 0.03984375 0.08046875
1 0.328125 0.77578125 0.07421875 0.03046875
1 0.31875 0.8734375 0.053125 0.06328125
1 0.4421875 0.96953125 0.04375 0.0546875
1 0.32265625 0.39453125 0.06796875 0.02890625