1 0.16328125 0.2046875 0.03125 0.06484375
1 0.9203125 0.615625 0.06953125 0.03203125
1 0.45703125 0.540625 0.04296875 0.04921875
1 0.51953125 0.3421875 0.05859375 0.03046875
1 0.4890625 0.0828125 0.0296875 0.06015625
1 0.47265625 0.77890625 0.02890625 0.0640625
1 0.065625 0.0890625 0.0578125 0.02734375
1 0.3625 0.89609375 0.02734375 0.04921875
1 0.40390625 0.19921875 0.05859375 0.028125
1 0.46015625 0.94375 0.05 0.040625
1 0.9640625 0.30546875 0.0328125 0.0578125
1 0.92421875 0.921875 0.05390625 0.0265625
1 0.6328125 0.54140625 0.0421875 0.04140625
1 0.78359375 0.4625 0.0640625 0.05859375
1 0.7640625 0.90234375 0.05859375 0.03828125
0 0.92578125 0.3890625 0.13046875 0.08125
1 0.0953125 0.55 0.04609375 0.05
1 0.0078125 0.69296875 0.01484375 0.071875