1 0.2953125 0.74609375 0.04765625 0.03359375
1 0.3828125 0.1015625 0.05 0.028125
1 0.22421875 0.7421875 0.03671875 0.05390625
1 0.8546875 0.27421875 0.05625 0.034375
1 0.49375 0.22265625 0.0328125 0.0484375
1 0.11015625 0.32421875 0.02890625 0.053125
1 0.8890625 0.11484375 0.05859375 0.03359375
1 0.190625 0.58359375 0.06796875 0.06328125
1 0.08359375 0.77109375 0.0359375 0.05546875
1 0.66640625 0.3375 0.03984375 0.07734375
1 0.78046875 0.6171875 0.04453125 0.06171875
1 0.84453125 0.7890625 0.06484375 0.03515625