1 0.41015625 0.07265625 0.06640625 0.0390625
1 0.85234375 0.47109375 0.06640625 0.0890625
1 0.603125 0.5625 0.05390625 0.05234375
1 0.44140625 0.34921875 0.04296875 0.12109375
1 0.2359375 0.3328125 0.0515625 0.07890625
1 0.62421875 0.38203125 0.06875 0.0859375
1 0.57265625 0.87109375 0.06953125 0.08515625
1 0.5625 0.746875 0.06328125 0.059375
1 0.328125 0.70390625 0.08203125 0.06796875
1 0.1765625 0.59765625 0.02890625 0.10546875
1 0.1109375 0.28984375 0.05234375 0.059375
1 0.1078125 0.11328125 0.06015625 0.11171875
1 0.70546875 0.8890625 0.0453125 0.13125
1 0.29375 0.16640625 0.06171875 0.09375
1 0.87109375 0.15703125 0.06328125 0.09921875