1 0.34296875 0.3484375 0.03046875 0.059375
1 0.50625 0.5484375 0.04921875 0.03515625
1 0.87734375 0.56796875 0.05390625 0.03125
1 0.9546875 0.875 0.04140625 0.04921875
1 0.34765625 0.7375 0.059375 0.02890625
1 0.97734375 0.0125 0.04140625 0.025
1 0.27890625 0.2765625 0.05546875 0.02734375
1 0.171875 0.0328125 0.04921875 0.03046875
1 0.303125 0.896875 0.03515625 0.04375
1 0.9328125 0.3203125 0.0375 0.028125
1 0.06875 0.428125 0.07421875 0.04296875
1 0.14375 0.52421875 0.04296875 0.0734375
1 0.27421875 0.60859375 0.06328125 0.078125
1 0.4484375 0.8640625 0.07734375 0.053125
1 0.8171875 0.79375 0.07578125 0.04453125
1 0.33984375 0.53203125 0.08125 0.04375
1 0.66328125 0.3984375 0.0375 0.075
1 0.115625 0.303125 0.03984375 0.075