1 0.2046875 0.69765625 0.04375 0.053125
1 0.6921875 0.5359375 0.05 0.03359375
1 0.60390625 0.025 0.04375 0.03046875
1 0.915625 0.2734375 0.03125 0.05078125
1 0.371875 0.96953125 0.05078125 0.0484375
1 0.23125 0.87578125 0.0265625 0.059375
1 0.7625 0.29375 0.02578125 0.05234375
1 0.95625 0.028125 0.0390625 0.0453125
1 0.7359375 0.13984375 0.04921875 0.0296875
1 0.4046875 0.6609375 0.0578125 0.03046875
1 0.52734375 0.12734375 0.05234375 0.03203125
1 0.721875 0.94609375 0.0265625 0.0546875
1 0.38671875 0.33203125 0.05078125 0.04609375
1 0.621875 0.21796875 0.0546875 0.03125
1 0.26328125 0.45234375 0.0328125 0.04921875
1 0.6609375 0.8109375 0.02734375 0.05625
1 0.10234375 0.27578125 0.0609375 0.0328125
1 0.44765625 0.13671875 0.034375 0.04453125
1 0.9546875 0.73046875 0.05703125 0.04140625
1 0.9859375 0.42890625 0.0265625 0.04609375
1 0.28046875 0.0046875 0.0421875 0.009375