1 0.396875 0.66328125 0.03046875 0.0609375
1 0.97890625 0.36484375 0.03984375 0.046875
1 0.153125 0.25078125 0.03046875 0.0609375
1 0.9234375 0.50859375 0.04765625 0.03359375
1 0.79453125 0.60703125 0.03125 0.06328125
1 0.01953125 0.53046875 0.02890625 0.06328125
1 0.97890625 0.81328125 0.0375 0.05078125
1 0.36328125 0.49765625 0.05 0.03359375
1 0.21796875 0.0515625 0.03359375 0.06484375
1 0.13046875 0.96640625 0.0625 0.05625
1 0.9734375 0.1515625 0.04765625 0.0359375
1 0.67421875 0.9359375 0.06484375 0.02890625
1 0.85078125 0.00703125 0.0296875 0.0140625
1 0.53046875 0.253125 0.0296875 0.06171875