1 0.50703125 0.2609375 0.03984375 0.06640625
1 0.4859375 0.01796875 0.04765625 0.03359375
1 0.88203125 0.01171875 0.02734375 0.0234375
1 0.5578125 0.87421875 0.0609375 0.0625
1 0.38125 0.86171875 0.0375 0.10390625
1 0.68359375 0.28984375 0.0703125 0.05703125
1 0.4453125 0.51953125 0.07578125 0.0578125
1 0.2671875 0.6125 0.0609375 0.07109375
1 0.059375 0.74453125 0.03515625 0.1078125
1 0.625 0.6609375 0.06015625 0.09296875
1 0.64375 0.58828125 0.03046875 0.10703125
1 0.671875 0.91953125 0.053125 0.10703125
1 0.20078125 0.1953125 0.06015625 0.08359375
1 0.978125 0.57734375 0.0421875 0.1