1 0.125 0.35703125 0.0546875 0.0359375
1 0.24140625 0.19296875 0.04296875 0.05234375
1 0.871875 0.93984375 0.040625 0.0546875
1 0.3578125 0.0875 0.053125 0.02890625
1 0.54140625 0.3953125 0.02578125 0.05234375
1 0.8203125 0.22109375 0.0453125 0.034375
1 0.07265625 0.5171875 0.0265625 0.05234375
1 0.090625 0.6828125 0.0421875 0.04296875
1 0.04765625 0.16328125 0.053125 0.034375
1 0.23046875 0.8390625 0.040625 0.05
1 0.15 0.06640625 0.0515625 0.03515625
1 0.95703125 0.75 0.05859375 0.03671875
1 0.9125 0.6171875 0.0390625 0.04765625
1 0.44375 0.6421875 0.05859375 0.02734375
1 0.25078125 0.31171875 0.04609375 0.02890625
1 0.86953125 0.10703125 0.02421875 0.0515625
0 0.8578125 0.378125 0.16484375 0.0859375
1 0.4015625 0.86953125 0.03046875 0.04140625