1 0.9703125 0.13515625 0.046875 0.0296875
1 0.04375 0.25 0.05234375 0.0390625
1 0.7453125 0.625 0.04765625 0.05546875
1 0.75546875 0.7921875 0.05390625 0.0328125
1 0.59609375 0.86484375 0.03359375 0.05078125
0 0.63984375 0.0546875 0.0828125 0.109375
1 0.00703125 0.5609375 0.0140625 0.05
1 0.6609375 0.4265625 0.04765625 0.0421875
1 0.49609375 0.08515625 0.06171875 0.034375
1 0.05859375 0.01015625 0.053125 0.0203125
1 0.1234375 0.37109375 0.02734375 0.05234375
1 0.19453125 0.96953125 0.0515625 0.03125
1 0.85546875 0.25703125 0.0453125 0.0328125
1 0.53828125 0.6640625 0.02734375 0.040625
1 0.2578125 0.56640625 0.059375 0.05078125
1 0.03671875 0.83984375 0.0484375 0.02734375