0 0.86015625 0.59609375 0.12421875 0.07890625
0 0.47890625 0.31171875 0.11796875 0.08046875
0 0.8390625 0.31171875 0.16328125 0.078125
0 0.2140625 0.04609375 0.1546875 0.07421875
0 0.03671875 0.64296875 0.0734375 0.07578125
1 0.00703125 0.37109375 0.0140625 0.0296875
0 0.390625 0.1640625 0.18125 0.09375
0 0.6984375 0.09375 0.13125 0.08046875
0 0.5390625 0.15546875 0.11953125 0.09921875
0 0.45 0.43671875 0.14609375 0.10390625
0 0.6046875 0.61796875 0.14609375 0.1328125
0 0.253125 0.6046875 0.140625 0.11953125
0 0.3375 0.8921875 0.2140625 0.1125
0 0.74140625 0.946875 0.1953125 0.090625
0 0.85234375 0.028125 0.08359375 0.0546875
0 0.44453125 0.228125 0.1 0.07734375