1 0.2734375 0.2984375 0.1046875 0.04453125
1 0.81875 0.878125 0.096875 0.03046875
1 0.4703125 0.61171875 0.08359375 0.0375
1 0.32421875 0.59375 0.09921875 0.03984375
1 0.79140625 0.17890625 0.11484375 0.0546875
1 0.6375 0.590625 0.11171875 0.04296875
1 0.1640625 0.03671875 0.0359375 0.06796875
1 0.7515625 0.375 0.06640625 0.040625
1 0.57421875 0.09921875 0.071875 0.06953125
1 0.3453125 0.70078125 0.12109375 0.02421875
1 0.31328125 0.50625 0.13046875 0.03828125
1 0.75078125 0.37421875 0.08671875 0.0421875
1 0.3421875 0.91328125 0.053125 0.05703125
1 0.71328125 0.78046875 0.1046875 0.034375