1 0.65625 0.31171875 0.04609375 0.04453125
1 0.9390625 0.40625 0.03671875 0.05546875
1 0.7921875 0.665625 0.0453125 0.04609375
1 0.15625 0.66015625 0.0328125 0.05390625
1 0.76875 0.325 0.04609375 0.03828125
1 0.0703125 0.16328125 0.0546875 0.0421875
1 0.796875 0.50078125 0.06015625 0.02890625
1 0.39609375 0.8921875 0.059375 0.034375
1 0.73046875 0.97734375 0.03046875 0.04375
1 0.92109375 0.0078125 0.0296875 0.015625
1 0.67421875 0.165625 0.05859375 0.03046875
1 0.32578125 0.35078125 0.08125 0.0375
1 0.49609375 0.8671875 0.07734375 0.04609375