1 0.3328125 0.278125 0.02890625 0.05390625
1 0.65390625 0.640625 0.0453125 0.0359375
1 0.35234375 0.734375 0.0578125 0.0328125
1 0.05625 0.23671875 0.07265625 0.04453125
1 0.73203125 0.3375 0.0296875 0.05546875
1 0.3953125 0.55 0.053125 0.028125
1 0.57109375 0.95703125 0.05625 0.028125
1 0.7484375 0.7375 0.05546875 0.028125
1 0.4984375 0.18984375 0.0609375 0.03046875
1 0.046875 0.48984375 0.06328125 0.03203125
1 0.9140625 0.91171875 0.0234375 0.05546875
1 0.99140625 0.1953125 0.01484375 0.0546875
1 0.81875 0.55625 0.06875 0.0375
1 0.51953125 0.3015625 0.059375 0.0359375
1 0.5171875 0.5234375 0.07890625 0.03984375
1 0.43203125 0.6203125 0.06015625 0.02890625