1 0.2484375 0.915625 0.028125 0.059375
1 0.03359375 0.31015625 0.028125 0.0578125
1 0.65 0.784375 0.0546875 0.0328125
1 0.690625 0.39453125 0.05 0.034375
1 0.90234375 0.56953125 0.05390625 0.03203125
1 0.934375 0.84765625 0.05390625 0.0265625
1 0.11171875 0.69140625 0.025 0.05625
1 0.7609375 0.2953125 0.05078125 0.028125
1 0.30390625 0.140625 0.07578125 0.0296875
1 0.9484375 0.296875 0.0359375 0.05703125
1 0.875 0.9078125 0.03828125 0.0703125
1 0.890625 0.3890625 0.0375 0.0796875
1 0.65859375 0.09140625 0.03984375 0.07421875
1 0.15546875 0.784375 0.06171875 0.0609375
0 0.6296875 0.490625 0.20234375 0.10859375