1 0.296875 0.1828125 0.0421875 0.04296875
1 0.17890625 0.296875 0.0296875 0.05625
1 0.15390625 0.8546875 0.065625 0.0515625
1 0.075 0.9703125 0.07421875 0.0265625
1 0.5046875 0.1125 0.05390625 0.034375
1 0.4625 0.86953125 0.03046875 0.05234375
1 0.0984375 0.6203125 0.02734375 0.06484375
1 0.28515625 0.6671875 0.03671875 0.04609375
1 0.54140625 0.31484375 0.0578125 0.0359375
1 0.475 0.40546875 0.02734375 0.046875
0 0.7734375 0.43828125 0.09765625 0.0875
1 0.6875 0.4078125 0.05078125 0.028125
1 0.09140625 0.034375 0.0375 0.03203125
1 0.7015625 0.990625 0.04375 0.0171875
1 0.0640625 0.8890625 0.04453125 0.0796875
1 0.68515625 0.30859375 0.025 0.04375
1 0.95078125 0.16796875 0.0421875 0.07265625
1 0.76953125 0.89453125 0.0421875 0.04765625