1 0.7859375 0.9296875 0.040625 0.0453125
1 0.28203125 0.209375 0.05234375 0.0359375
1 0.45 0.64921875 0.078125 0.053125
1 0.28984375 0.55234375 0.0359375 0.078125
1 0.37734375 0.96875 0.03515625 0.053125
1 0.70390625 0.621875 0.06796875 0.03515625
1 0.12109375 0.80703125 0.03203125 0.05625
1 0.228125 0.62578125 0.03515625 0.04609375
1 0.871875 0.5296875 0.028125 0.08203125
1 0.56328125 0.1140625 0.05625 0.02890625
1 0.6234375 0.98203125 0.0453125 0.025
1 0.6453125 0.24609375 0.0484375 0.025
1 0.58828125 0.43515625 0.03359375 0.10234375
1 0.85703125 0.31796875 0.06640625 0.0640625
1 0.265625 0.0328125 0.05859375 0.0609375