1 0.31875 0.2828125 0.04765625 0.04296875
1 0.6359375 0.73125 0.03125 0.06015625
1 0.303125 0.77265625 0.0578125 0.03046875
1 0.771875 0.71171875 0.03203125 0.065625
1 0.1765625 0.359375 0.0578125 0.0296875
1 0.70625 0.98203125 0.0296875 0.03515625
1 0.04296875 0.22421875 0.03515625 0.04921875
1 0.603125 0.30625 0.04453125 0.02890625
1 0.16484375 0.9234375 0.040625 0.0296875
1 0.07109375 0.7171875 0.05546875 0.02890625
1 0.5125 0.8953125 0.0640625 0.05078125
1 0.42421875 0.71171875 0.06328125 0.06640625
1 0.13984375 0.03359375 0.0390625 0.05