1 0.09140625 0.81640625 0.05546875 0.0390625
1 0.78671875 0.69453125 0.04375 0.0484375
1 0.1421875 0.5671875 0.05 0.03203125
1 0.4359375 0.2078125 0.059375 0.0296875
1 0.6609375 0.14375 0.0453125 0.0515625
1 0.375 0.35625 0.0265625 0.05546875
1 0.25859375 0.06640625 0.06484375 0.05390625
1 0.89140625 0.13671875 0.028125 0.0390625
1 0.00546875 0.9234375 0.0109375 0.040625
1 0.01875 0.74765625 0.03203125 0.03046875
1 0.3140625 0.27578125 0.05546875 0.03203125
1 0.26875 0.35078125 0.03515625 0.071875
1 0.86015625 0.12578125 0.03359375 0.07421875
1 0.8375 0.23984375 0.06015625 0.03984375