1 0.14140625 0.10078125 0.0734375 0.03046875
1 0.2171875 0.36015625 0.06171875 0.0296875
1 0.05 0.01171875 0.05625 0.0234375
1 0.50625 0.84140625 0.06328125 0.03046875
1 0.628125 0.52578125 0.09609375 0.0515625
1 0.03984375 0.95859375 0.0546875 0.0453125
1 0.709375 0.33203125 0.07421875 0.046875
1 0.81171875 0.91875 0.0609375 0.0734375
1 0.10546875 0.73359375 0.078125 0.040625
1 0.146875 0.50078125 0.07265625 0.03046875
1 0.38359375 0.22578125 0.05234375 0.08046875
1 0.2296875 0.95625 0.04609375 0.0484375
1 0.03203125 0.61015625 0.03984375 0.08046875
1 0.39609375 0.78828125 0.0796875 0.05859375