1 0.8609375 0.95703125 0.03046875 0.0546875
1 0.259375 0.08984375 0.06640625 0.05234375
1 0.5859375 0.403125 0.06171875 0.0296875
1 0.80625 0.5421875 0.07734375 0.034375
1 0.71015625 0.60234375 0.07890625 0.03046875
1 0.0625 0.64921875 0.03203125 0.0515625
1 0.92734375 0.38984375 0.06484375 0.0296875
1 0.31171875 0.6265625 0.0859375 0.046875
1 0.90234375 0.621875 0.04609375 0.06328125
1 0.42578125 0.5046875 0.03203125 0.0484375
0 0.11953125 0.4453125 0.0671875 0.08203125
1 0.63203125 0.140625 0.08671875 0.04140625
1 0.79921875 0.32734375 0.0484375 0.06875
1 0.82109375 0.45078125 0.0625 0.04375
1 0.52578125 0.49921875 0.03203125 0.06484375
1 0.140625 0.51640625 0.05078125 0.02578125
1 0.0984375 0.02890625 0.0671875 0.053125
1 0.28203125 0.96328125 0.04921875 0.05859375
1 0.45546875 0.96953125 0.0765625 0.034375
1 0.3046875 0.3609375 0.0640625 0.040625
1 0.4671875 0.08984375 0.03828125 0.07578125