1 0.59296875 0.45390625 0.0484375 0.040625
1 0.471875 0.33125 0.0578125 0.03046875
1 0.5734375 0.16484375 0.02734375 0.046875
1 0.403125 0.70859375 0.059375 0.0296875
1 0.9546875 0.45625 0.0609375 0.034375
0 0.890625 0.04140625 0.1078125 0.0828125
1 0.4265625 0.93203125 0.04453125 0.04765625
1 0.015625 0.503125 0.02734375 0.06875
1 0.74765625 0.27109375 0.0453125 0.0421875
1 0.1375 0.66328125 0.02578125 0.053125
1 0.30234375 0.40546875 0.0390625 0.0875
1 0.2140625 0.45078125 0.03828125 0.071875
1 0.22578125 0.590625 0.071875 0.0265625
1 0.34296875 0.06171875 0.0609375 0.03984375
1 0.6671875 0.76796875 0.06484375 0.059375
1 0.59296875 0.7859375 0.0375 0.0890625