1 0.15546875 0.82265625 0.02890625 0.05546875
1 0.86875 0.08359375 0.0515625 0.034375
1 0.78046875 0.25546875 0.02734375 0.0546875
1 0.63125 0.7375 0.04921875 0.03515625
1 0.946875 0.253125 0.03046875 0.05390625
1 0.65 0.471875 0.06875 0.034375
1 0.415625 0.621875 0.034375 0.04375
1 0.278125 0.23046875 0.0359375 0.0765625
1 0.4703125 0.31484375 0.0359375 0.084375
1 0.6625 0.15703125 0.0265625 0.0546875
1 0.14609375 0.3515625 0.053125 0.03515625
1 0.87421875 0.821875 0.04140625 0.04296875
1 0.05390625 0.90859375 0.053125 0.034375
1 0.0296875 0.27421875 0.059375 0.0640625
1 0.97890625 0.29296875 0.0375 0.0296875
1 0.16484375 0.45234375 0.05625 0.04296875
1 0.4921875 0.159375 0.05390625 0.04375
1 0.73359375 0.39765625 0.04609375 0.03125
1 0.8578125 0.37890625 0.03671875 0.05859375
1 0.42578125 0.80078125 0.05234375 0.0703125