1 0.44375 0.109375 0.05234375 0.0328125
1 0.33125 0.41484375 0.06328125 0.02890625
1 0.17109375 0.425 0.053125 0.0671875
1 0.3078125 0.94609375 0.0578125 0.0515625
1 0.7125 0.68203125 0.0546875 0.0390625
1 0.80078125 0.6875 0.040625 0.07578125
1 0.6453125 0.26875 0.03984375 0.06328125
1 0.67578125 0.12890625 0.040625 0.0515625
1 0.7578125 0.0984375 0.0328125 0.0703125
1 0.7234375 0.40390625 0.03359375 0.05
1 0.88671875 0.26015625 0.0671875 0.06953125
1 0.63046875 0.3984375 0.05546875 0.0640625
1 0.4953125 0.36171875 0.06875 0.071875
1 0.91875 0.43359375 0.06796875 0.0421875