1 0.0328125 0.66875 0.0609375 0.0296875
1 0.37109375 0.52734375 0.05703125 0.0265625
1 0.9453125 0.8421875 0.0265625 0.05234375
1 0.11875 0.73515625 0.0640625 0.04921875
1 0.81953125 0.6109375 0.0484375 0.02890625
1 0.25703125 0.48671875 0.05234375 0.0265625
1 0.87890625 0.9171875 0.06484375 0.0359375
1 0.1125 0.346875 0.06875 0.0296875
1 0.2515625 0.6484375 0.06640625 0.03046875
1 0.284375 0.9140625 0.06015625 0.0328125
1 0.15234375 0.19453125 0.05390625 0.02890625
1 0.74453125 0.1765625 0.0625 0.059375
1 0.36171875 0.35234375 0.03515625 0.0625
1 0.196875 0.35546875 0.075 0.0390625
1 0.396875 0.96875 0.05703125 0.05546875
1 0.684375 0.9828125 0.0515625 0.0328125
1 0.8421875 0.6640625 0.0859375 0.0359375
1 0.77890625 0.36640625 0.03828125 0.0625
1 0.50390625 0.77890625 0.0546875 0.05546875
1 0.10234375 0.07578125 0.04296875 0.0671875