1 0.86640625 0.63046875 0.05703125 0.028125
1 0.6453125 0.5640625 0.03125 0.04765625
1 0.50390625 0.3875 0.05 0.03359375
1 0.01875 0.02734375 0.034375 0.04296875
1 0.63828125 0.765625 0.02890625 0.04296875
1 0.02109375 0.76640625 0.03515625 0.03359375
1 0.26640625 0.34296875 0.02421875 0.05234375
1 0.83359375 0.79453125 0.0296875 0.065625
1 0.10859375 0.1171875 0.0265625 0.03515625
1 0.0359375 0.95 0.04921875 0.025
1 0.6984375 0.18203125 0.04140625 0.06171875
1 0.94609375 0.25078125 0.08515625 0.03359375
1 0.478125 0.6421875 0.07109375 0.040625
1 0.26953125 0.83671875 0.08515625 0.034375
1 0.1609375 0.3796875 0.07265625 0.03046875
1 0.09921875 0.5890625 0.07578125 0.040625
1 0.66171875 0.428125 0.0359375 0.046875
1 0.20546875 0.0375 0.05859375 0.0484375
1 0.50078125 0.9140625 0.02578125 0.07734375