1 0.89296875 0.5390625 0.02734375 0.05859375
1 0.925 0.2703125 0.04921875 0.0296875
1 0.21328125 0.89921875 0.02578125 0.05390625
1 0.509375 0.1515625 0.0296875 0.05546875
1 0.9109375 0.703125 0.0515625 0.034375
1 0.09140625 0.68515625 0.0390625 0.04453125
1 0.2140625 0.3171875 0.02578125 0.0515625
1 0.3453125 0.915625 0.025 0.046875
1 0.70625 0.52578125 0.02421875 0.07734375
1 0.47109375 0.43359375 0.05390625 0.03203125
1 0.9796875 0.8828125 0.028125 0.07265625
1 0.496875 0.73828125 0.0484375 0.0859375
1 0.7796875 0.7640625 0.065625 0.065625
1 0.25078125 0.5984375 0.0234375 0.0515625
1 0.80078125 0.471875 0.0265625 0.053125
1 0.84296875 0.01171875 0.0546875 0.0234375
1 0.53046875 0.64453125 0.065625 0.02734375
1 0.89453125 0.39609375 0.059375 0.028125
1 0.28828125 0.07421875 0.0390625 0.09140625
1 0.8578125 0.76796875 0.04296875 0.07265625