1 0.18515625 0.45703125 0.03125 0.0625
1 0.284375 0.34609375 0.053125 0.040625
1 0.05078125 0.38515625 0.0578125 0.04296875
1 0.55546875 0.06796875 0.05859375 0.03125
1 0.68046875 0.03125 0.05625 0.02890625
1 0.78046875 0.14453125 0.06484375 0.0390625
1 0.715625 0.51953125 0.05703125 0.03125
1 0.28046875 0.51328125 0.053125 0.03359375
1 0.51875 0.27265625 0.0625 0.0453125
1 0.58125 0.2953125 0.06875 0.0515625
1 0.67421875 0.334375 0.03203125 0.071875
1 0.759375 0.40546875 0.08125 0.059375
1 0.83359375 0.45234375 0.071875 0.05859375
1 0.9421875 0.50234375 0.04765625 0.0515625
1 0.83359375 0.228125 0.075 0.04765625
1 0.9578125 0.240625 0.0609375 0.05234375
1 0.89921875 0.08515625 0.06015625 0.0453125
1 0.81875 0.0546875 0.04609375 0.06171875
1 0.42421875 0.2125 0.06015625 0.04296875
1 0.29375 0.13671875 0.059375 0.04765625
1 0.16484375 0.0671875 0.053125 0.0390625
1 0.59140625 0.7 0.0484375 0.059375
1 0.61015625 0.42578125 0.0609375 0.04921875
1 0.3734375 0.34375 0.06171875 0.04140625
1 0.978125 0.14140625 0.0390625 0.0609375
0 0.43359375 0.4296875 0.15546875 0.109375
1 0.1765625 0.7921875 0.090625 0.04140625