1 0.809375 0.64296875 0.02421875 0.059375
1 0.34765625 0.71015625 0.05078125 0.03203125
1 0.69296875 0.0125 0.02421875 0.025
1 0.9453125 0.05234375 0.03515625 0.0484375
1 0.953125 0.53671875 0.0484375 0.06328125
1 0.5359375 0.34765625 0.034375 0.06796875
1 0.49140625 0.19296875 0.05 0.02734375
1 0.16796875 0.128125 0.0328125 0.07109375
1 0.25546875 0.19765625 0.0453125 0.0328125
1 0.1234375 0.690625 0.07109375 0.03828125
1 0.23671875 0.69609375 0.0484375 0.0359375
1 0.80390625 0.0703125 0.06171875 0.05625
1 0.6234375 0.23515625 0.028125 0.059375