1 0.2296875 0.32734375 0.05859375 0.025
1 0.5203125 0.965625 0.0421875 0.04921875
1 0.146875 0.7640625 0.0296875 0.0484375
1 0.853125 0.32890625 0.04140625 0.03984375
1 0.51328125 0.15546875 0.06640625 0.03046875
1 0.190625 0.915625 0.0296875 0.0515625
1 0.96953125 0.51875 0.053125 0.02890625
1 0.77890625 0.01796875 0.05703125 0.03046875
1 0.77734375 0.784375 0.05234375 0.03125
1 0.96796875 0.7640625 0.0421875 0.0390625
1 0.0984375 0.190625 0.05859375 0.03515625
1 0.38984375 0.34375 0.059375 0.03046875
1 0.92734375 0.21015625 0.06484375 0.03125
1 0.87109375 0.67578125 0.025 0.0296875
1 0.7984375 0.1796875 0.02890625 0.046875
1 0.55859375 0.5203125 0.0734375 0.040625
1 0.6375 0.7796875 0.059375 0.0421875
1 0.0765625 0.0453125 0.065625 0.0484375