1 0.7671875 0.14140625 0.03359375 0.05625
1 0.815625 0.62578125 0.03203125 0.0515625
1 0.18828125 0.9078125 0.03828125 0.05078125
1 0.58359375 0.23046875 0.04921875 0.03828125
1 0.91015625 0.94609375 0.0546875 0.03046875
1 0.340625 0.1671875 0.05234375 0.0328125
1 0.146875 0.72109375 0.03125 0.053125
1 0.97109375 0.415625 0.05234375 0.02890625
1 0.42734375 0.41328125 0.04609375 0.040625
1 0.18515625 0.01015625 0.06015625 0.0203125
1 0.72421875 0.84609375 0.0703125 0.0375
1 0.80625 0.0125 0.05859375 0.025
1 0.8890625 0.27265625 0.0546875 0.03046875
1 0.4796875 0.60234375 0.02890625 0.046875
1 0.353125 0.7703125 0.03828125 0.0671875
1 0.5515625 0.9234375 0.0609375 0.05625
1 0.26796875 0.63828125 0.078125 0.0484375