1 0.646875 0.778125 0.034375 0.053125
1 0.8125 0.44609375 0.0453125 0.0421875
1 0.71171875 0.36953125 0.0375 0.046875
1 0.3609375 0.325 0.05625 0.0484375
1 0.54453125 0.521875 0.05859375 0.02734375
1 0.225 0.91640625 0.053125 0.0265625
1 0.83515625 0.1125 0.0625 0.03828125
1 0.04609375 0.98359375 0.02421875 0.03203125
1 0.68828125 0.2953125 0.0578125 0.02734375
1 0.5859375 0.72734375 0.04765625 0.04609375
1 0.76328125 0.5875 0.06640625 0.02734375
1 0.2640625 0.409375 0.040625 0.0390625
1 0.609375 0.4046875 0.0515625 0.02578125
1 0.075 0.3765625 0.0421875 0.0703125
1 0.0328125 0.47734375 0.034375 0.04609375
1 0.51796875 0.8515625 0.04765625 0.03828125
1 0.478125 0.1703125 0.0609375 0.046875
1 0.890625 0.596875 0.03046875 0.05390625
1 0.253125 0.05078125 0.07265625 0.03828125
1 0.12109375 0.60390625 0.0421875 0.03984375
0 0.315625 0.60859375 0.17265625 0.11171875