1 0.1375 0.034375 0.090625 0.04140625
1 0.22421875 0.159375 0.0609375 0.0390625
1 0.29921875 0.2546875 0.06953125 0.0484375
1 0.36015625 0.3765625 0.0734375 0.046875
1 0.59921875 0.48515625 0.0578125 0.0546875
1 0.7921875 0.57890625 0.06015625 0.0453125
1 0.81328125 0.42265625 0.09765625 0.03359375
1 0.75546875 0.31796875 0.06484375 0.08125
1 0.353125 0.6265625 0.06328125 0.03203125
1 0.34140625 0.96328125 0.09296875 0.04375
1 0.2421875 0.9390625 0.08203125 0.02734375
1 0.6875 0.90625 0.07578125 0.0390625
1 0.621875 0.95 0.07890625 0.03515625
1 0.9140625 0.8765625 0.06015625 0.03984375
1 0.82421875 0.975 0.07265625 0.0390625
1 0.64453125 0.753125 0.0640625 0.03515625
1 0.53828125 0.30390625 0.06171875 0.04765625
1 0.5953125 0.23515625 0.065625 0.03671875
1 0.43203125 0.234375 0.075 0.04609375