1 0.025 0.3609375 0.04375 0.03203125
1 0.73671875 0.81796875 0.0578125 0.03046875
1 0.22734375 0.7109375 0.02578125 0.05234375
1 0.46328125 0.50625 0.02890625 0.06640625
1 0.50625 0.571875 0.04375 0.06875
1 0.64453125 0.6421875 0.0375 0.07734375
1 0.484375 0.7546875 0.0609375 0.0671875
1 0.5765625 0.80859375 0.0375 0.06640625
1 0.55234375 0.940625 0.0578125 0.06875
1 0.328125 0.8234375 0.03515625 0.06953125
1 0.3828125 0.79296875 0.08046875 0.05234375
1 0.3890625 0.703125 0.02890625 0.0890625
1 0.328125 0.60390625 0.08203125 0.0359375
1 0.35234375 0.47421875 0.0609375 0.05390625
1 0.253125 0.52578125 0.04140625 0.078125
1 0.09765625 0.52109375 0.08046875 0.05078125
1 0.1859375 0.50234375 0.03828125 0.0703125
1 0.0828125 0.63203125 0.06875 0.04609375
1 0.11953125 0.74375 0.07109375 0.0625
1 0.29375 0.8734375 0.0421875 0.07421875
1 0.175 0.9125 0.0390625 0.07265625
1 0.2453125 0.9890625 0.053125 0.01953125
1 0.42109375 0.978125 0.0375 0.0390625
1 0.32265625 0.3703125 0.04453125 0.06171875
1 0.3109375 0.29609375 0.06328125 0.0515625
1 0.19296875 0.40859375 0.04609375 0.075
1 0.08671875 0.225 0.08125 0.03359375
1 0.22265625 0.19921875 0.07109375 0.05
1 0.2109375 0.128125 0.02890625 0.07421875
1 0.315625 0.06640625 0.0671875 0.05625
1 0.17578125 0.05 0.078125 0.0359375
1 0.3453125 0.1515625 0.08671875 0.04453125
1 0.38984375 0.2296875 0.09296875 0.028125
1 0.41484375 0.30234375 0.025 0.07421875
1 0.659375 0.43984375 0.05390625 0.06640625
1 0.25078125 0.0171875 0.0734375 0.02734375
1 0.1203125 0.1484375 0.0578125 0.06171875