1 0.8453125 0.10859375 0.05703125 0.03046875
1 0.16484375 0.75390625 0.0328125 0.0609375
1 0.63359375 0.1984375 0.0515625 0.02578125
1 0.48515625 0.08828125 0.03046875 0.0515625
0 0.7203125 0.903125 0.0828125 0.1578125
1 0.5234375 0.4375 0.04921875 0.0296875
1 0.53359375 0.4734375 0.046875 0.025
1 0.85625 0.01484375 0.02578125 0.02890625
1 0.26953125 0.9203125 0.03125 0.075
1 0.296875 0.196875 0.03125 0.065625
1 0.1703125 0.3640625 0.05390625 0.04765625
1 0.75390625 0.2265625 0.0453125 0.0609375
1 0.015625 0.125 0.03125 0.071875