1 0.88203125 0.13125 0.0265625 0.046875
1 0.440625 0.0421875 0.03125 0.05703125
1 0.0796875 0.75078125 0.02578125 0.046875
1 0.58125 0.025 0.05625 0.02734375
1 0.846875 0.93984375 0.0359375 0.05390625
1 0.09140625 0.2453125 0.06484375 0.03203125
1 0.040625 0.96640625 0.04765625 0.02734375
1 0.4625 0.48515625 0.03828125 0.040625
1 0.978125 0.56171875 0.04296875 0.02890625
1 0.80625 0.29375 0.04453125 0.0734375
1 0.6203125 0.83046875 0.0265625 0.05
1 0.15546875 0.8703125 0.02734375 0.0640625
1 0.40078125 0.24140625 0.04296875 0.0328125
1 0.53046875 0.33984375 0.0671875 0.03984375
1 0.575 0.2703125 0.04296875 0.02578125
1 0.825 0.01796875 0.03203125 0.0359375
1 0.6515625 0.30703125 0.06484375 0.0359375