1 0.20859375 0.228125 0.0359375 0.0484375
1 0.42265625 0.48671875 0.02734375 0.04765625
1 0.1109375 0.42578125 0.0265625 0.06015625
1 0.2375 0.07109375 0.04140625 0.0390625
1 0.01796875 0.6765625 0.03203125 0.03515625
1 0.31328125 0.6125 0.0265625 0.0546875
1 0.721875 0.53203125 0.06328125 0.0296875
1 0.89140625 0.55234375 0.03046875 0.06328125
1 0.8 0.79609375 0.0609375 0.03359375
1 0.59296875 0.353125 0.03828125 0.0796875
1 0.8078125 0.0875 0.04296875 0.06796875
1 0.44453125 0.87890625 0.04453125 0.06875
1 0.046875 0.475 0.04765625 0.07890625