1 0.32109375 0.4421875 0.07421875 0.03359375
1 0.25703125 0.91484375 0.0640625 0.034375
1 0.9140625 0.55234375 0.065625 0.03359375
1 0.85625 0.5375 0.06171875 0.0375
1 0.5953125 0.58203125 0.09296875 0.0546875
1 0.89921875 0.4203125 0.071875 0.03515625
1 0.93515625 0.98046875 0.03828125 0.0296875
1 0.43828125 0.921875 0.03046875 0.05078125
1 0.1953125 0.16796875 0.0625 0.0296875
1 0.57578125 0.1671875 0.04765625 0.04453125
1 0.64375 0.2625 0.0296875 0.0375
1 0.88125 0.14140625 0.06953125 0.0546875
1 0.56171875 0.67421875 0.059375 0.04296875
1 0.56484375 0.9140625 0.06171875 0.0390625