1 0.1453125 0.69609375 0.06640625 0.0328125
1 0.15 0.41796875 0.0578125 0.06796875
1 0.6859375 0.93046875 0.04921875 0.03046875
1 0.759375 0.984375 0.0296875 0.02890625
1 0.6875 0.39453125 0.0609375 0.03671875
1 0.4625 0.4515625 0.06015625 0.0296875
1 0.0078125 0.80078125 0.015625 0.0359375
1 0.228125 0.975 0.02578125 0.0453125
1 0.9125 0.13828125 0.04375 0.0375
1 0.49921875 0.69765625 0.02890625 0.0375
1 0.925 0.8890625 0.0265625 0.03515625
0 0.38359375 0.08046875 0.17109375 0.14453125
1 0.921875 0.28984375 0.0671875 0.06796875
1 0.46171875 0.2703125 0.065625 0.03828125
1 0.25859375 0.615625 0.08984375 0.0375