1 0.65859375 0.0265625 0.03046875 0.05
1 0.5234375 0.52109375 0.05078125 0.05078125
1 0.26875 0.725 0.02578125 0.06171875
1 0.2203125 0.3765625 0.03203125 0.04375
1 0.59921875 0.13203125 0.0546875 0.028125
1 0.0375 0.80859375 0.0359375 0.0484375
1 0.0890625 0.2578125 0.0359375 0.03515625
1 0.27578125 0.5 0.04296875 0.04140625
1 0.1296875 0.01484375 0.02421875 0.02890625
1 0.3234375 0.00546875 0.03125 0.0109375
1 0.365625 0.903125 0.053125 0.0296875
1 0.05390625 0.51796875 0.0609375 0.03359375
1 0.07890625 0.66953125 0.07578125 0.046875
1 0.1796875 0.63046875 0.0875 0.0328125
1 0.278125 0.9734375 0.0640625 0.05234375
1 0.71640625 0.30078125 0.03828125 0.06875