1 0.85625 0.32265625 0.0265625 0.05625
1 0.27578125 0.48671875 0.0296875 0.05234375
1 0.65 0.45703125 0.028125 0.0546875
1 0.01953125 0.034375 0.03671875 0.0265625
1 0.82890625 0.54609375 0.046875 0.03203125
1 0.9390625 0.35859375 0.0375 0.04375
1 0.5984375 0.8640625 0.046875 0.02578125
1 0.74453125 0.0546875 0.0390625 0.0265625
1 0.5015625 0.21796875 0.0328125 0.0578125
1 0.42421875 0.04296875 0.0421875 0.03359375
1 0.97265625 0.55234375 0.0515625 0.02421875
1 0.3796875 0.25 0.04765625 0.02734375
1 0.84765625 0.43984375 0.0578125 0.02734375
1 0.15234375 0.2859375 0.0296875 0.0421875
1 0.60078125 0.64140625 0.03828125 0.03828125
1 0.775 0.32578125 0.0453125 0.07265625
1 0.7421875 0.54921875 0.0640625 0.05
1 0.7671875 0.953125 0.034375 0.0734375
1 0.2640625 0.40546875 0.03671875 0.0671875
1 0.4328125 0.515625 0.02890625 0.08125