1 0.46875 0.51484375 0.10078125 0.05859375
1 0.52578125 0.44140625 0.1015625 0.053125
1 0.75390625 0.38359375 0.11796875 0.06796875
1 0.86171875 0.49375 0.11953125 0.05390625
1 0.87578125 0.625 0.12734375 0.046875
1 0.71796875 0.66875 0.1140625 0.03203125
1 0.58515625 0.57109375 0.140625 0.0390625
1 0.57265625 0.64609375 0.08671875 0.06953125
1 0.47265625 0.62421875 0.1046875 0.0390625
1 0.275 0.64609375 0.1359375 0.0609375
1 0.34921875 0.51328125 0.06171875 0.078125
1 0.159375 0.3671875 0.1296875 0.03515625
1 0.271875 0.2859375 0.0984375 0.06484375
1 0.16640625 0.20234375 0.1015625 0.07265625
1 0.3296875 0.09765625 0.0625 0.0921875
1 0.5359375 0.2046875 0.0640625 0.0921875
1 0.69296875 0.16484375 0.07890625 0.0890625
1 0.859375 0.2125 0.096875 0.0546875
1 0.7625 0.53984375 0.05078125 0.09296875
1 0.7375 0.81484375 0.06015625 0.08125
1 0.57265625 0.86640625 0.11953125 0.03984375
1 0.45625 0.7625 0.14453125 0.05078125
1 0.08203125 0.69375 0.14375 0.0484375
1 0.27109375 0.83828125 0.10390625 0.05390625
1 0.3765625 0.925 0.1328125 0.04375
1 0.50390625 0.97890625 0.13046875 0.03203125
1 0.734375 0.8875 0.12734375 0.0515625
1 0.775 0.9609375 0.06015625 0.07109375
1 0.89765625 0.69609375 0.10390625 0.04296875
1 0.525 0.303125 0.12109375 0.059375
1 0.04375 0.45390625 0.0734375 0.04453125
1 0.12890625 0.0265625 0.1140625 0.05078125
1 0.35703125 0.18125 0.1328125 0.05
1 0.91953125 0.8734375 0.14296875 0.0453125