1 0.57890625 0.18671875 0.046875 0.034375
1 0.96171875 0.278125 0.034375 0.04453125
1 0.4453125 0.621875 0.034375 0.0359375
1 0.29765625 0.70859375 0.034375 0.021875
1 0.36015625 0.09765625 0.0640625 0.0296875
1 0.70859375 0.75234375 0.0234375 0.0515625
1 0.69140625 0.18984375 0.0609375 0.028125
1 0.86640625 0.11171875 0.0546875 0.03203125
1 0.51640625 0.3671875 0.06015625 0.028125
1 0.84765625 0.16484375 0.046875 0.02421875
1 0.00859375 0.2359375 0.0171875 0.03125
1 0.2890625 0.2015625 0.05703125 0.03125
1 0.15625 0.3140625 0.0515625 0.02578125
1 0.859375 0.4703125 0.06171875 0.02890625
1 0.91328125 0.07109375 0.06640625 0.0265625
1 0.67890625 0.45390625 0.04375 0.05546875
1 0.840625 0.4296875 0.06953125 0.03828125
1 0.9203125 0.6859375 0.06171875 0.04140625
1 0.6234375 0.821875 0.059375 0.0296875
1 0.8015625 0.88046875 0.03203125 0.0640625
1 0.33359375 0.92734375 0.06328125 0.0515625
1 0.48046875 0.1328125 0.065625 0.04921875
1 0.0265625 0.1234375 0.04140625 0.08515625