1 0.828125 0.1453125 0.0640625 0.03359375
1 0.74296875 0.20078125 0.06484375 0.028125
1 0.7015625 0.41171875 0.05 0.04765625
1 0.2921875 0.08671875 0.03046875 0.06328125
1 0.95859375 0.3421875 0.05234375 0.028125
1 0.1 0.70625 0.065625 0.0296875
1 0.3140625 0.93984375 0.0609375 0.03203125
1 0.6921875 0.8265625 0.05859375 0.04296875
1 0.8703125 0.63046875 0.059375 0.0359375
1 0.7375 0.87109375 0.03203125 0.053125
1 0.55 0.56796875 0.02890625 0.05390625
1 0.7875 0.98828125 0.04609375 0.0203125
1 0.58671875 0.896875 0.06015625 0.04296875
1 0.80703125 0.76484375 0.05859375 0.0328125
1 0.503125 0.95 0.04140625 0.05234375
1 0.98046875 0.68046875 0.03671875 0.059375
1 0.35703125 0.27734375 0.0265625 0.07734375
1 0.11953125 0.671875 0.0734375 0.04140625
1 0.20078125 0.19296875 0.03125 0.06171875
1 0.5328125 0.9015625 0.04296875 0.053125
1 0.88984375 0.7203125 0.05625 0.05859375