1 0.04296875 0.08828125 0.053125 0.0375
1 0.5578125 0.89375 0.02578125 0.0484375
1 0.33046875 0.96484375 0.0484375 0.03203125
1 0.22890625 0.3125 0.0578125 0.03359375
1 0.21171875 0.58515625 0.05390625 0.02734375
1 0.29140625 0.0171875 0.03203125 0.03125
1 0.42734375 0.01640625 0.025 0.03046875
1 0.03515625 0.78671875 0.028125 0.0625
1 0.98671875 0.859375 0.0234375 0.03359375
1 0.365625 0.59140625 0.03125 0.0421875
1 0.88046875 0.66953125 0.04140625 0.09140625
1 0.196875 0.27578125 0.078125 0.03125