1 0.8265625 0.41171875 0.0640625 0.03515625
1 0.83125 0.30078125 0.0578125 0.0296875
1 0.0453125 0.86015625 0.021875 0.03515625
1 0.165625 0.88359375 0.028125 0.0453125
1 0.46875 0.0875 0.0609375 0.0296875
1 0.19453125 0.940625 0.04609375 0.02734375
1 0.75703125 0.103125 0.0328125 0.059375
1 0.77890625 0.6359375 0.0640625 0.02578125
1 0.5375 0.46171875 0.03984375 0.06171875
1 0.46875 0.5921875 0.0765625 0.028125
1 0.2859375 0.725 0.0390625 0.05703125
1 0.378125 0.41796875 0.08359375 0.04375
1 0.12109375 0.415625 0.06328125 0.05078125
1 0.8765625 0.95 0.06171875 0.071875
1 0.33046875 0.88671875 0.0640625 0.05078125