1 0.29921875 0.7171875 0.02578125 0.05234375
1 0.921875 0.78671875 0.04921875 0.0328125
1 0.2078125 0.42734375 0.028125 0.05390625
1 0.615625 0.53828125 0.06015625 0.05546875
1 0.7 0.69140625 0.053125 0.025
1 0.68515625 0.2484375 0.04765625 0.04140625
1 0.82578125 0.18203125 0.06328125 0.02578125
1 0.01875 0.14375 0.03125 0.03828125
1 0.21875 0.88203125 0.059375 0.04140625
1 0.67265625 0.9421875 0.06875 0.04140625
1 0.403125 0.459375 0.03984375 0.03359375
1 0.5625 0.790625 0.04140625 0.04296875
1 0.49921875 0.92265625 0.06171875 0.0359375
1 0.4953125 0.1296875 0.03203125 0.04453125
1 0.9421875 0.67421875 0.0515625 0.04453125
1 0.284375 0.3265625 0.06953125 0.025
1 0.22109375 0.78828125 0.0578125 0.04609375
1 0.6875 0.37109375 0.0546875 0.03515625
1 0.98203125 0.5203125 0.028125 0.05625