1 0.665625 0.3390625 0.02890625 0.053125
1 0.90859375 0.33359375 0.04453125 0.03671875
1 0.675 0.80625 0.04453125 0.03828125
1 0.66171875 0.56875 0.05 0.03515625
1 0.21796875 0.978125 0.02578125 0.04140625
1 0.3453125 0.15546875 0.04609375 0.0328125
1 0.03828125 0.696875 0.05234375 0.02578125
1 0.87265625 0.015625 0.0296875 0.0265625
1 0.0640625 0.275 0.0796875 0.06171875
1 0.1078125 0.13203125 0.04609375 0.0625
1 0.80703125 0.31171875 0.03203125 0.046875
1 0.928125 0.7 0.0578125 0.07578125
1 0.94453125 0.8578125 0.0375 0.07265625
1 0.44375 0.45234375 0.078125 0.03203125