1 0.93828125 0.11796875 0.04375 0.0484375
1 0.92265625 0.646875 0.04140625 0.053125
1 0.4875 0.2921875 0.040625 0.0453125
1 0.27421875 0.73828125 0.0375 0.05078125
1 0.29140625 0.40859375 0.0484375 0.040625
1 0.1875 0.096875 0.03671875 0.053125
1 0.0734375 0.590625 0.05078125 0.0359375
1 0.66875 0.27890625 0.034375 0.034375
1 0.6984375 0.53046875 0.0296875 0.06015625
1 0.271875 0.540625 0.03828125 0.0421875
1 0.8375 0.22734375 0.03359375 0.04140625
1 0.34296875 0.01171875 0.0421875 0.0234375
1 0.50390625 0.00703125 0.04140625 0.01328125
1 0.2140625 0.678125 0.03828125 0.03359375
1 0.20234375 0.265625 0.04375 0.025
1 0.53515625 0.48828125 0.04375 0.06640625
1 0.56171875 0.11484375 0.0625 0.03359375