1 0.33359375 0.8203125 0.06953125 0.06953125
1 0.41953125 0.3546875 0.05234375 0.03046875
1 0.5390625 0.95546875 0.03203125 0.0515625
1 0.93359375 0.26796875 0.06796875 0.03203125
1 0.9109375 0.9421875 0.04609375 0.05078125
1 0.371875 0.48046875 0.0390625 0.04140625
1 0.1921875 0.7953125 0.06328125 0.03046875
1 0.13203125 0.96171875 0.05078125 0.0390625
1 0.33671875 0.2296875 0.05625 0.03828125
1 0.625 0.35234375 0.03984375 0.0515625
1 0.203125 0.91015625 0.05390625 0.04296875
1 0.0859375 0.6640625 0.0765625 0.04375
1 0.628125 0.725 0.0640625 0.040625
1 0.16171875 0.87265625 0.0328125 0.07265625
1 0.73046875 0.9046875 0.02890625 0.06171875
1 0.43125 0.55703125 0.06484375 0.0359375
1 0.34453125 0.98828125 0.04765625 0.021875
1 0.3328125 0.0375 0.053125 0.02890625
1 0.66015625 0.2625 0.03671875 0.0453125
1 0.52421875 0.14609375 0.05078125 0.0375