1 0.03359375 0.140625 0.03046875 0.0515625
1 0.63125 0.1125 0.04453125 0.0359375
1 0.62734375 0.20078125 0.02734375 0.05234375
1 0.746875 0.221875 0.02578125 0.04765625
1 0.746875 0.1203125 0.0578125 0.02578125
1 0.54453125 0.63515625 0.06328125 0.03046875
1 0.803125 0.79609375 0.02421875 0.03671875
1 0.07265625 0.30234375 0.0578125 0.03125
1 0.17734375 0.6203125 0.065625 0.03046875
1 0.6578125 0.30390625 0.01953125 0.03046875
1 0.4515625 0.71484375 0.05078125 0.0234375
1 0.1640625 0.7375 0.065625 0.05859375