1 0.11875 0.91484375 0.06484375 0.03203125
0 0.61171875 0.60546875 0.0796875 0.109375
1 0.75078125 0.2015625 0.04140625 0.04609375
1 0.82265625 0.4640625 0.05078125 0.040625
0 0.85390625 0.096875 0.1375 0.07734375
1 0.840625 0.6703125 0.065625 0.02890625
1 0.28125 0.97109375 0.03359375 0.0375
1 0.08125 0.6 0.034375 0.04375
1 0.59140625 0.84921875 0.03359375 0.0515625
1 0.29609375 0.59765625 0.0609375 0.03515625
1 0.0046875 0.70703125 0.009375 0.04453125
1 0.0828125 0.38359375 0.028125 0.05390625
1 0.325 0.3625 0.0234375 0.04453125
0 0.24609375 0.30703125 0.1265625 0.14921875
1 0.66328125 0.61640625 0.03984375 0.03046875
1 0.91796875 0.8609375 0.05546875 0.053125