1 0.1234375 0.49296875 0.06015625 0.04140625
1 0.65234375 0.16171875 0.03125 0.05390625
1 0.30390625 0.12109375 0.04140625 0.04296875
1 0.89375 0.25 0.05546875 0.02734375
1 0.4890625 0.53671875 0.034375 0.0484375
0 0.73125 0.4 0.08359375 0.14296875
1 0.91171875 0.5921875 0.0390625 0.0609375
1 0.77265625 0.59453125 0.06171875 0.0390625
1 0.50625 0.76171875 0.03828125 0.04296875
1 0.70546875 0.95 0.0546875 0.03125
1 0.2015625 0.4328125 0.04296875 0.0734375
1 0.54765625 0.11640625 0.03515625 0.04921875
1 0.42421875 0.26875 0.028125 0.05234375
0 0.8953125 0.83671875 0.09296875 0.10078125
1 0.1125 0.2609375 0.0671875 0.03203125
1 0.01796875 0.16953125 0.02890625 0.03671875
1 0.74375 0.6765625 0.05546875 0.03046875
1 0.0703125 0.6515625 0.046875 0.03046875
1 0.8296875 0.0703125 0.05546875 0.02578125
1 0.43671875 0.94453125 0.02890625 0.04921875
1 0.253125 0.534375 0.03125 0.06796875