1 0.14375 0.73359375 0.04375 0.046875
1 0.66875 0.07734375 0.03046875 0.06171875
1 0.54375 0.3890625 0.0296875 0.059375
1 0.8328125 0.9671875 0.05 0.0390625
1 0.48125 0.0890625 0.04375 0.02734375
1 0.80625 0.71953125 0.02890625 0.059375
1 0.68203125 0.428125 0.05390625 0.03046875
1 0.253125 0.9296875 0.0546875 0.0328125
1 0.71796875 0.4671875 0.05078125 0.0359375
1 0.3140625 0.3765625 0.0328125 0.04453125
1 0.1984375 0.5921875 0.06328125 0.028125
1 0.38046875 0.4875 0.06015625 0.0296875
1 0.7625 0.01484375 0.05859375 0.02578125
0 0.328125 0.5921875 0.07265625 0.17734375
1 0.21875 0.153125 0.05546875 0.08671875