1 0.2453125 0.08984375 0.04453125 0.0375
1 0.053125 0.66015625 0.028125 0.05703125
1 0.22890625 0.23046875 0.02421875 0.05625
1 0.13125 0.3125 0.04921875 0.03125
1 0.8046875 0.0125 0.025 0.025
1 0.2703125 0.42109375 0.02734375 0.05390625
1 0.821875 0.49296875 0.04921875 0.03515625
1 0.390625 0.03359375 0.02890625 0.0484375
1 0.53203125 0.78203125 0.028125 0.05234375
1 0.2765625 0.646875 0.03515625 0.0390625
1 0.04375 0.03984375 0.05078125 0.03046875
1 0.44140625 0.48828125 0.04609375 0.0484375
1 0.11328125 0.16484375 0.02890625 0.05390625
1 0.3125 0.75546875 0.0484375 0.03046875
1 0.703125 0.584375 0.04765625 0.034375
1 0.53984375 0.6375 0.05859375 0.02734375
1 0.02265625 0.2171875 0.0453125 0.028125
1 0.571875 0.47109375 0.02421875 0.04375
1 0.85546875 0.67109375 0.02890625 0.0515625
1 0.71484375 0.3703125 0.059375 0.02890625
1 0.23984375 0.653125 0.028125 0.0359375
0 0.56796875 0.2453125 0.153125 0.07421875
1 0.890625 0.19609375 0.03828125 0.07578125
0 0.36171875 0.6625 0.071875 0.13671875
0 0.7734375 0.625 0.1359375 0.0953125