1 0.94296875 0.178125 0.03671875 0.053125
1 0.3203125 0.37265625 0.03203125 0.05625
1 0.41015625 0.2734375 0.03046875 0.05625
1 0.7328125 0.60859375 0.04921875 0.0421875
1 0.93671875 0.49609375 0.0484375 0.04921875
1 0.23984375 0.50390625 0.059375 0.0328125
1 0.71796875 0.21796875 0.065625 0.02734375
1 0.03046875 0.05703125 0.04140625 0.04921875
1 0.11796875 0.92578125 0.0453125 0.03046875
1 0.61171875 0.74375 0.0609375 0.04140625
1 0.35546875 0.39609375 0.025 0.04453125
1 0.73046875 0.471875 0.03046875 0.0328125
1 0.0140625 0.353125 0.0234375 0.02890625