1 0.59765625 0.71015625 0.05 0.03515625
1 0.2671875 0.69140625 0.04453125 0.03671875
1 0.078125 0.9296875 0.07734375 0.0390625
1 0.665625 0.78359375 0.02578125 0.04765625
1 0.1015625 0.01171875 0.040625 0.0234375
1 0.0359375 0.18984375 0.03515625 0.0390625
1 0.2171875 0.19609375 0.028125 0.03203125
1 0.95234375 0.88359375 0.05625 0.08359375
1 0.52578125 0.38203125 0.034375 0.03125
1 0.96796875 0.609375 0.0453125 0.06171875
1 0.7984375 0.52890625 0.07109375 0.03984375
1 0.903125 0.47734375 0.0734375 0.05859375
1 0.16640625 0.5828125 0.040625 0.0828125