1 0.584375 0.75234375 0.0359375 0.04921875
1 0.2734375 0.45859375 0.0578125 0.04609375
1 0.78046875 0.71015625 0.04375 0.03671875
1 0.16875 0.49375 0.0328125 0.0453125
1 0.1234375 0.20078125 0.07890625 0.03515625
1 0.296875 0.81640625 0.03125 0.065625
1 0.196875 0.92421875 0.0484375 0.0625
1 0.121875 0.63828125 0.046875 0.03984375
1 0.3296875 0.6640625 0.03984375 0.06171875
1 0.60703125 0.44140625 0.07890625 0.03828125
1 0.51640625 0.5046875 0.03515625 0.06328125
1 0.7875 0.4609375 0.0625 0.05078125
1 0.70859375 0.60546875 0.0453125 0.0609375
0 0.69921875 0.44921875 0.1109375 0.08203125