1 0.58828125 0.203125 0.04375 0.02734375
1 0.465625 0.934375 0.02578125 0.046875
1 0.18515625 0.49609375 0.03046875 0.05
1 0.38828125 0.7796875 0.02265625 0.03671875
1 0.4359375 0.3875 0.0671875 0.03359375
1 0.56171875 0.9703125 0.05703125 0.0515625
1 0.71640625 0.3609375 0.07734375 0.0296875
1 0.0546875 0.86953125 0.07421875 0.05234375
1 0.1046875 0.33359375 0.03359375 0.08125
1 0.0421875 0.55078125 0.0578125 0.02734375
1 0.89296875 0.02421875 0.06015625 0.03984375
1 0.76171875 0.771875 0.0546875 0.03515625