1 0.86328125 0.409375 0.053125 0.0328125
1 0.7984375 0.746875 0.04140625 0.04453125
1 0.46484375 0.646875 0.0484375 0.028125
1 0.31875 0.65 0.05 0.03125
1 0.80625 0.565625 0.05234375 0.02890625
1 0.30859375 0.378125 0.05390625 0.03125
1 0.8578125 0.44609375 0.04453125 0.02890625
1 0.1328125 0.58828125 0.05625 0.0296875
1 0.828125 0.98125 0.059375 0.028125
1 0.58125 0.45859375 0.04140625 0.05546875
1 0.0890625 0.93203125 0.06171875 0.0296875
1 0.97109375 0.17890625 0.05 0.0296875
1 0.4734375 0.05078125 0.03359375 0.04375
1 0.51875 0.91328125 0.05078125 0.0265625
1 0.946875 0.71328125 0.0328125 0.05
1 0.36640625 0.0953125 0.04765625 0.028125
1 0.65859375 0.753125 0.04921875 0.028125
1 0.1125 0.15390625 0.0484375 0.0328125
1 0.23046875 0.91171875 0.0265625 0.04609375
1 0.0296875 0.35 0.03046875 0.0265625
1 0.4 0.94375 0.04921875 0.0375
1 0.89453125 0.896875 0.03671875 0.02890625
1 0.3625 0.2703125 0.059375 0.028125
1 0.22421875 0.53515625 0.0375 0.04765625
1 0.68984375 0.26015625 0.03125 0.02734375
1 0.6234375 0.86328125 0.0234375 0.05390625
1 0.6796875 0.90859375 0.05859375 0.0625
1 0.44296875 0.89140625 0.06328125 0.0375
1 0.71484375 0.36328125 0.05078125 0.0703125