1 0.909375 0.9109375 0.03046875 0.059375
1 0.7609375 0.57265625 0.0390625 0.03828125
1 0.78828125 0.46328125 0.0296875 0.0515625
1 0.15859375 0.9421875 0.05234375 0.02421875
1 0.51640625 0.83671875 0.04453125 0.03359375
1 0.11640625 0.31171875 0.02890625 0.0421875
1 0.96328125 0.72109375 0.0421875 0.0328125
1 0.90546875 0.14609375 0.0296875 0.05234375
1 0.98828125 0.34921875 0.0203125 0.03125
1 0.4859375 0.3234375 0.03515625 0.0453125
1 0.4375 0.175 0.0265625 0.0421875
1 0.62734375 0.00703125 0.0484375 0.0140625
1 0.7015625 0.428125 0.059375 0.0546875
1 0.54921875 0.61015625 0.059375 0.04375
1 0.4875 0.625 0.034375 0.07421875
1 0.825 0.6015625 0.0359375 0.071875
1 0.77265625 0.83828125 0.06328125 0.03984375
1 0.49765625 0.1 0.0515625 0.05234375
1 0.83203125 0.2765625 0.04765625 0.06171875
1 0.96171875 0.240625 0.05546875 0.0609375
1 0.97578125 0.4625 0.0390625 0.065625
1 0.62421875 0.121875 0.0359375 0.04609375