1 0.16953125 0.54375 0.0640625 0.03203125
1 0.35546875 0.3578125 0.0625 0.02890625
1 0.3203125 0.159375 0.0421875 0.05
1 0.43359375 0.36171875 0.03671875 0.04140625
1 0.01953125 0.59375 0.03203125 0.04296875
1 0.71328125 0.7015625 0.05 0.03828125
1 0.6375 0.25703125 0.02109375 0.05390625
1 0.4 0.04296875 0.03359375 0.05546875
1 0.8421875 0.6296875 0.0546875 0.02734375
1 0.48828125 0.79765625 0.0671875 0.05859375
1 0.69296875 0.1359375 0.03125 0.0828125
1 0.80703125 0.47890625 0.06796875 0.0671875
1 0.19609375 0.8421875 0.040625 0.07109375