1 0.35234375 0.7234375 0.04609375 0.02734375
1 0.234375 0.3625 0.059375 0.0625
1 0.54609375 0.64140625 0.0421875 0.071875
1 0.61796875 0.71640625 0.04921875 0.08125
1 0.71953125 0.58828125 0.05390625 0.059375
1 0.828125 0.453125 0.06171875 0.06953125
1 0.878125 0.5984375 0.06640625 0.05703125
1 0.6015625 0.89609375 0.05703125 0.06171875
1 0.4328125 0.71796875 0.04140625 0.08046875
1 0.3921875 0.49921875 0.065625 0.0390625
1 0.42109375 0.32890625 0.05 0.05078125
1 0.17578125 0.68046875 0.07890625 0.03828125
1 0.6875 0.8828125 0.0421875 0.078125
1 0.8328125 0.86796875 0.0703125 0.05546875
1 0.61015625 0.97265625 0.05703125 0.05
1 0.815625 0.965625 0.05546875 0.06171875
1 0.96875 0.77109375 0.053125 0.0390625
1 0.1046875 0.53203125 0.075 0.0359375