1 0.82109375 0.58828125 0.02421875 0.040625
1 0.021875 0.87421875 0.03984375 0.03203125
0 0.97578125 0.93359375 0.0453125 0.07265625
1 0.5921875 0.1234375 0.08984375 0.04609375
1 0.9734375 0.7671875 0.03671875 0.04609375
1 0.21953125 0.10703125 0.04453125 0.03125
1 0.1265625 0.4421875 0.0359375 0.0421875
1 0.23203125 0.6859375 0.0859375 0.06015625
1 0.21484375 0.21640625 0.0703125 0.02890625
1 0.978125 0.77734375 0.0265625 0.03203125
1 0.50234375 0.23359375 0.07734375 0.02734375
1 0.5265625 0.3609375 0.06796875 0.05078125
1 0.58828125 0.409375 0.053125 0.07265625
1 0.4546875 0.53359375 0.09453125 0.0421875
1 0.2875 0.45546875 0.0953125 0.0515625
1 0.0484375 0.1765625 0.0703125 0.03828125
1 0.821875 0.2609375 0.04453125 0.04375