1 0.80625 0.90859375 0.03828125 0.04921875
1 0.490625 0.8078125 0.0296875 0.04921875
1 0.1109375 0.20859375 0.05234375 0.04140625
1 0.34609375 0.225 0.04296875 0.04453125
1 0.33828125 0.828125 0.02734375 0.05234375
1 0.2875 0.24296875 0.03046875 0.05546875
1 0.03203125 0.934375 0.03203125 0.05859375
1 0.7140625 0.32265625 0.03515625 0.0453125
1 0.196875 0.91796875 0.02734375 0.059375
1 0.9765625 0.8421875 0.03359375 0.065625
1 0.81640625 0.4953125 0.02890625 0.05234375
1 0.73984375 0.86640625 0.034375 0.0609375
1 0.521875 0.88984375 0.03125 0.05703125
1 0.73203125 0.80625 0.03515625 0.0609375
1 0.87578125 0.9875 0.0390625 0.02421875
1 0.825 0.80859375 0.046875 0.04609375
1 0.0046875 0.09921875 0.009375 0.0390625
1 0.35234375 0.41796875 0.0265625 0.04765625