1 0.5546875 0.565625 0.04765625 0.05078125
1 0.30390625 0.02109375 0.0484375 0.0421875
1 0.41484375 0.33515625 0.03671875 0.05234375
1 0.0328125 0.65625 0.04921875 0.03359375
1 0.409375 0.74609375 0.0421875 0.03984375
1 0.3453125 0.425 0.0546875 0.03359375
1 0.0359375 0.2203125 0.05 0.0296875
1 0.059375 0.03359375 0.05390625 0.0234375
1 0.5375 0.96875 0.04453125 0.03046875
1 0.77421875 0.61328125 0.06796875 0.046875
1 0.31953125 0.58515625 0.05078125 0.071875
1 0.14921875 0.2890625 0.06484375 0.071875
1 0.13828125 0.9046875 0.0640625 0.046875
1 0.89609375 0.13828125 0.04609375 0.0765625