1 0.88203125 0.49765625 0.0359375 0.0453125
1 0.965625 0.83515625 0.03515625 0.05234375
1 0.4296875 0.921875 0.0453125 0.0453125
1 0.78125 0.26328125 0.04921875 0.02890625
1 0.5921875 0.79921875 0.0390625 0.053125
1 0.29375 0.3421875 0.053125 0.0328125
1 0.88046875 0.93515625 0.03828125 0.04296875
1 0.02265625 0.16171875 0.040625 0.0359375
1 0.70546875 0.221875 0.0375 0.04375
1 0.8125 0.090625 0.0359375 0.046875
1 0.2515625 0.790625 0.04453125 0.03984375
1 0.384375 0.18046875 0.04765625 0.0359375
1 0.8953125 0.246875 0.0296875 0.05234375
1 0.3328125 0.09921875 0.0578125 0.0265625
1 0.0125 0.07578125 0.025 0.06171875
1 0.44140625 0.7078125 0.025 0.04921875
1 0.75390625 0.87890625 0.03125 0.04765625
1 0.21171875 0.74765625 0.0234375 0.0890625
1 0.03046875 0.4265625 0.04765625 0.0375
1 0.26015625 0.16640625 0.02890625 0.0515625
1 0.90703125 0.08359375 0.0296875 0.0421875
0 0.46640625 0.56640625 0.14453125 0.09453125
1 0.340625 0.69609375 0.0484375 0.08125
1 0.61171875 0.66875 0.03125 0.05859375
1 0.47421875 0.11171875 0.078125 0.04765625
0 0.7140625 0.53828125 0.09453125 0.09765625
1 0.29765625 0.56953125 0.06015625 0.04609375