1 0.8828125 0.07578125 0.05 0.03359375
1 0.03203125 0.85234375 0.053125 0.03046875
1 0.09765625 0.70859375 0.0515625 0.0421875
1 0.534375 0.653125 0.053125 0.028125
1 0.30390625 0.1421875 0.06796875 0.03125
1 0.78359375 0.91171875 0.02890625 0.0484375
1 0.4453125 0.20234375 0.02890625 0.05390625
1 0.03203125 0.94609375 0.05703125 0.03125
1 0.29296875 0.00546875 0.03828125 0.0109375
1 0.20625 0.41953125 0.0703125 0.03828125
1 0.525 0.07578125 0.06875 0.0265625
1 0.446875 0.47578125 0.05390625 0.034375
1 0.97421875 0.459375 0.0296875 0.04765625
1 0.64375 0.946875 0.0625 0.02265625
1 0.2890625 0.846875 0.05625 0.03671875
1 0.64375 0.521875 0.0765625 0.03984375
1 0.91015625 0.5734375 0.05859375 0.04921875
1 0.12734375 0.96640625 0.0390625 0.05859375
1 0.1890625 0.16328125 0.0296875 0.06953125