1 0.89609375 0.6609375 0.0359375 0.096875
1 0.77109375 0.80703125 0.0609375 0.0609375
1 0.646875 0.7484375 0.0640625 0.07109375
1 0.290625 0.66171875 0.05703125 0.06484375
1 0.3609375 0.81953125 0.0296875 0.10859375
1 0.34375 0.95703125 0.03671875 0.07578125
1 0.45625 0.51875 0.03671875 0.11796875
1 0.125 0.2640625 0.08359375 0.05625
1 0.1015625 0.55 0.05390625 0.11640625
1 0.17421875 0.58125 0.04140625 0.12265625
1 0.0796875 0.65234375 0.05390625 0.0953125
1 0.028125 0.6 0.03515625 0.13203125
1 0.30390625 0.17734375 0.03125 0.13046875
1 0.36015625 0.17109375 0.0484375 0.1359375
1 0.484375 0.2 0.0640625 0.08671875
1 0.621875 0.31953125 0.059375 0.09140625
1 0.66875 0.521875 0.03984375 0.115625
1 0.796875 0.3390625 0.06328125 0.10390625
1 0.815625 0.215625 0.0609375 0.04765625
1 0.73046875 0.13671875 0.04921875 0.11484375
1 0.98203125 0.39609375 0.03359375 0.0546875
1 0.98984375 0.12109375 0.0171875 0.0984375