1 0.53359375 0.2796875 0.040625 0.04609375
1 0.42109375 0.3390625 0.02578125 0.0609375
1 0.8078125 0.47109375 0.034375 0.04609375
1 0.859375 0.14609375 0.03046875 0.0578125
1 0.171875 0.42890625 0.05 0.03125
1 0.878125 0.93359375 0.04296875 0.02890625
1 0.13046875 0.5203125 0.05078125 0.0390625
1 0.63359375 0.86796875 0.05234375 0.0296875
1 0.984375 0.2140625 0.03125 0.034375
1 0.04765625 0.4109375 0.04765625 0.03515625
1 0.29375 0.73671875 0.04453125 0.04765625
1 0.13984375 0.15625 0.05078125 0.04375
1 0.10703125 0.28984375 0.06328125 0.028125
1 0.01875 0.0765625 0.0375 0.040625
1 0.040625 0.2015625 0.06953125 0.0296875
1 0.26328125 0.3796875 0.03125 0.0546875
1 0.4609375 0.17890625 0.053125 0.03671875
1 0.61171875 0.04140625 0.03984375 0.05078125
1 0.03125 0.48046875 0.028125 0.053125
1 0.8203125 0.57734375 0.0328125 0.04921875
0 0.490625 0.65390625 0.16171875 0.0625
0 0.68984375 0.415625 0.14140625 0.13828125
1 0.89609375 0.8203125 0.07265625 0.04375