1 0.5484375 0.80546875 0.04921875 0.05078125
1 0.76171875 0.81953125 0.0609375 0.03046875
1 0.85390625 0.6828125 0.04453125 0.0640625
1 0.83359375 0.37421875 0.0734375 0.03203125
1 0.9453125 0.94609375 0.04453125 0.04609375
1 0.09296875 0.54765625 0.04609375 0.0484375
1 0.8703125 0.1078125 0.05234375 0.034375
1 0.5859375 0.46953125 0.03671875 0.05390625
1 0.41640625 0.19140625 0.05625 0.03359375
1 0.228125 0.29453125 0.06171875 0.03125
1 0.2515625 0.4296875 0.0515625 0.03125
1 0.2359375 0.1296875 0.03203125 0.04375
1 0.5734375 0.54453125 0.034375 0.06484375
0 0.7484375 0.93984375 0.0953125 0.115625