1 0.95390625 0.2984375 0.0453125 0.04296875
1 0.72890625 0.63125 0.04609375 0.04140625
1 0.37578125 0.83046875 0.05078125 0.0453125
1 0.6078125 0.86328125 0.03125 0.05390625
1 0.2296875 0.68125 0.05390625 0.03359375
1 0.04375 0.50625 0.0359375 0.06015625
1 0.77265625 0.95703125 0.059375 0.03515625
1 0.8140625 0.159375 0.05234375 0.03671875
1 0.4921875 0.63671875 0.0421875 0.03984375
1 0.9890625 0.3484375 0.0171875 0.05859375
1 0.51015625 0.7359375 0.03671875 0.05
1 0.33984375 0.3 0.0375 0.0390625
1 0.56796875 0.95546875 0.0296875 0.05078125