1 0.64375 0.1515625 0.0484375 0.040625
1 0.08515625 0.55546875 0.04453125 0.04609375
1 0.60390625 0.69140625 0.0484375 0.03046875
1 0.86328125 0.04609375 0.046875 0.0328125
1 0.40625 0.8546875 0.05625 0.0296875
1 0.51171875 0.315625 0.0359375 0.05234375
1 0.1265625 0.771875 0.05703125 0.03125
1 0.01796875 0.6421875 0.03203125 0.0265625
0 0.28125 0.11875 0.1078125 0.1390625
1 0.66015625 0.87890625 0.03046875 0.02734375
1 0.2375 0.384375 0.053125 0.0640625
1 0.46015625 0.7296875 0.0359375 0.06171875
1 0.43671875 0.5921875 0.03359375 0.059375