1 0.146875 0.728125 0.028125 0.05078125
1 0.91171875 0.55703125 0.05625 0.02890625
1 0.40703125 0.27109375 0.0578125 0.0328125
1 0.809375 0.3015625 0.03359375 0.0390625
1 0.796875 0.10625 0.046875 0.04609375
1 0.38125 0.8015625 0.05234375 0.028125
1 0.68046875 0.37578125 0.02734375 0.06875
1 0.58359375 0.17109375 0.0328125 0.0546875
1 0.1890625 0.58671875 0.0546875 0.0234375
1 0.259375 0.3578125 0.025 0.046875
1 0.4890625 0.771875 0.034375 0.0453125
1 0.84921875 0.91328125 0.059375 0.0359375
1 0.4328125 0.15859375 0.0515625 0.02890625
1 0.98125 0.31328125 0.03671875 0.0265625
1 0.09453125 0.23203125 0.03046875 0.05078125
1 0.50546875 0.36328125 0.0265625 0.0546875
1 0.30390625 0.64921875 0.03515625 0.07421875
1 0.02890625 0.4671875 0.05234375 0.03125
1 0.91796875 0.271875 0.04609375 0.028125
1 0.05 0.7359375 0.0234375 0.046875
1 0.98984375 0.9265625 0.0171875 0.03125
1 0.8078125 0.465625 0.04140625 0.0828125