1 0.784375 0.3921875 0.0515625 0.0265625
1 0.7359375 0.534375 0.0609375 0.02890625
1 0.5765625 0.0421875 0.05 0.0640625
1 0.49140625 0.0796875 0.06328125 0.0515625
1 0.49453125 0.18359375 0.05 0.05390625
1 0.62578125 0.215625 0.06484375 0.06484375
1 0.65546875 0.3640625 0.07109375 0.04140625
1 0.60078125 0.459375 0.0640625 0.0375
1 0.7234375 0.2125 0.05703125 0.04765625
1 0.8453125 0.5359375 0.06328125 0.03828125
1 0.9203125 0.40234375 0.0734375 0.0390625
1 0.85859375 0.64453125 0.06328125 0.05390625
0 0.77734375 0.8640625 0.078125 0.09296875
1 0.959375 0.590625 0.06953125 0.08359375
1 0.9171875 0.11796875 0.0765625 0.0484375