1 0.703125 0.025 0.0265625 0.0484375
1 0.2796875 0.87578125 0.04453125 0.04921875
1 0.096875 0.5640625 0.04609375 0.05
1 0.56484375 0.71796875 0.0671875 0.02890625
1 0.1828125 0.2484375 0.03203125 0.059375
1 0.22734375 0.9640625 0.059375 0.03515625
1 0.08046875 0.03515625 0.0375 0.0546875
1 0.1328125 0.134375 0.05 0.03984375
1 0.171875 0.36328125 0.04921875 0.04296875
1 0.87734375 0.16875 0.05234375 0.02890625
1 0.13046875 0.66328125 0.0390625 0.03515625
1 0.0203125 0.8328125 0.0359375 0.0296875
1 0.60546875 0.178125 0.02734375 0.05625
1 0.528125 0.86484375 0.06171875 0.0375
1 0.4296875 0.58828125 0.03828125 0.03984375
1 0.84609375 0.3203125 0.0359375 0.04765625
1 0.7328125 0.36484375 0.028125 0.09296875
1 0.93203125 0.8640625 0.046875 0.06953125
1 0.23671875 0.70546875 0.078125 0.046875