1 0.1140625 0.2609375 0.04375 0.06171875
1 0.33046875 0.49140625 0.06328125 0.05859375
1 0.47109375 0.66171875 0.0828125 0.0453125
1 0.490625 0.78984375 0.06171875 0.065625
1 0.31640625 0.8296875 0.0546875 0.075
1 0.24140625 0.69609375 0.046875 0.059375
1 0.0875 0.62890625 0.065625 0.059375
1 0.16875 0.43046875 0.04765625 0.08515625
1 0.0359375 0.471875 0.0609375 0.04765625
1 0.13125 0.97734375 0.05 0.03984375
1 0.2421875 0.32109375 0.0375 0.0640625
1 0.2453125 0.1296875 0.0578125 0.05859375
1 0.08828125 0.03984375 0.04453125 0.06796875
1 0.0265625 0.04609375 0.04375 0.0734375