1 0.42109375 0.4546875 0.04921875 0.02890625
1 0.196875 0.18984375 0.03671875 0.03359375
1 0.27109375 0.30703125 0.06484375 0.05078125
1 0.15625 0.33359375 0.05546875 0.0921875
1 0.09296875 0.20234375 0.05625 0.05390625
1 0.06328125 0.11640625 0.0546875 0.0546875
1 0.278125 0.05703125 0.08671875 0.02734375
1 0.3359375 0.16796875 0.07734375 0.07109375
1 0.07109375 0.39453125 0.07265625 0.05234375
1 0.25 0.46015625 0.071875 0.05859375
1 0.5 0.575 0.05234375 0.03984375
1 0.775 0.8421875 0.04296875 0.07421875
1 0.71640625 0.91875 0.071875 0.046875
1 0.58828125 0.93671875 0.04453125 0.04921875
1 0.0390625 0.74921875 0.04453125 0.078125