1 0.1984375 0.7859375 0.02578125 0.05234375
1 0.70546875 0.940625 0.04921875 0.0296875
1 0.42578125 0.7203125 0.0546875 0.05703125
1 0.253125 0.1609375 0.0265625 0.0453125
1 0.615625 0.26171875 0.02734375 0.053125
1 0.5609375 0.69921875 0.05625 0.05625
1 0.6453125 0.5265625 0.07265625 0.04609375
0 0.76796875 0.7515625 0.1296875 0.15703125
1 0.1984375 0.4921875 0.06953125 0.05390625
1 0.7828125 0.90234375 0.065625 0.059375
1 0.04609375 0.9625 0.0640625 0.0609375
1 0.953125 0.02265625 0.0484375 0.04375