1 0.06796875 0.50625 0.05 0.0375
1 0.528125 0.640625 0.0453125 0.040625
1 0.68828125 0.65859375 0.03671875 0.05234375
1 0.53359375 0.3140625 0.053125 0.0328125
1 0.36328125 0.11875 0.02578125 0.0546875
1 0.959375 0.22421875 0.02734375 0.0578125
1 0.32421875 0.8546875 0.0609375 0.03046875
1 0.02421875 0.225 0.03984375 0.034375
1 0.240625 0.34765625 0.0453125 0.03203125
1 0.26171875 0.65 0.03671875 0.0515625
1 0.39375 0.36171875 0.02734375 0.04453125
1 0.0171875 0.56171875 0.03203125 0.034375
1 0.39375 0.0359375 0.0484375 0.059375
1 0.71875 0.2234375 0.07578125 0.04921875
1 0.784375 0.303125 0.05390625 0.04453125
1 0.82890625 0.17265625 0.05625 0.0625
1 0.42578125 0.59375 0.06875 0.03828125
1 0.5828125 0.88515625 0.05234375 0.05546875
1 0.1609375 0.27109375 0.0515625 0.046875
1 0.23125 0.22734375 0.0671875 0.04375
1 0.11875 0.134375 0.05703125 0.05703125
1 0.6734375 0.465625 0.0671875 0.0421875