1 0.2109375 0.35546875 0.04921875 0.028125
1 0.36796875 0.5953125 0.05 0.0265625
1 0.0484375 0.64375 0.03203125 0.0421875
1 0.6625 0.2203125 0.02890625 0.05703125
1 0.38046875 0.02265625 0.0359375 0.040625
1 0.24921875 0.47890625 0.06015625 0.02890625
1 0.090625 0.31328125 0.0421875 0.046875
1 0.97421875 0.19921875 0.04921875 0.04609375
1 0.26015625 0.78359375 0.0328125 0.05
1 0.42734375 0.93515625 0.04921875 0.04453125
1 0.6046875 0.03515625 0.02890625 0.053125
1 0.97890625 0.59296875 0.0390625 0.0265625
1 0.24921875 0.1390625 0.05703125 0.0265625
1 0.42421875 0.075 0.02421875 0.04765625
1 0.5984375 0.8203125 0.05859375 0.03125
1 0.9125 0.971875 0.05 0.0296875
1 0.11875 0.01953125 0.02578125 0.0359375
1 0.91484375 0.49375 0.03671875 0.05
1 0.80703125 0.11953125 0.05859375 0.02421875
1 0.5015625 0.2078125 0.0390625 0.0703125
1 0.5984375 0.44375 0.05078125 0.03515625
1 0.5484375 0.29921875 0.03515625 0.078125
0 0.0578125 0.8109375 0.11015625 0.09375
0 0.84921875 0.1046875 0.1078125 0.15546875
1 0.84375 0.740625 0.05546875 0.05625