1 0.259375 0.6828125 0.0609375 0.03125
1 0.559375 0.54140625 0.0265625 0.05234375
1 0.875 0.390625 0.03671875 0.0515625
1 0.725 0.79453125 0.028125 0.05234375
1 0.5078125 0.69765625 0.04296875 0.04375
1 0.83203125 0.89453125 0.0515625 0.03125
1 0.21171875 0.50234375 0.0390625 0.04921875
1 0.93984375 0.2546875 0.05390625 0.0265625
1 0.309375 0.834375 0.02421875 0.053125
1 0.5359375 0.22890625 0.02578125 0.0515625
1 0.28203125 0.15390625 0.0578125 0.028125
1 0.1421875 0.97890625 0.0296875 0.0421875
1 0.18984375 0.06015625 0.0359375 0.03203125
1 0.27578125 0.390625 0.02890625 0.0296875
0 0.346875 0.20859375 0.16015625 0.11328125
1 0.91015625 0.6484375 0.02734375 0.0421875
1 0.0140625 0.03515625 0.028125 0.05625