1 0.4984375 0.86953125 0.025 0.05
1 0.08984375 0.78359375 0.05234375 0.034375
1 0.1421875 0.3828125 0.0484375 0.04140625
1 0.1015625 0.2296875 0.04921875 0.03828125
1 0.43828125 0.34609375 0.02890625 0.05390625
1 0.55625 0.49609375 0.05390625 0.03203125
1 0.82265625 0.496875 0.03671875 0.046875
1 0.6671875 0.60546875 0.06328125 0.028125
1 0.85703125 0.09296875 0.04765625 0.04375
1 0.75078125 0.85078125 0.02734375 0.0515625
1 0.165625 0.9140625 0.0609375 0.0375
1 0.04375 0.16484375 0.03359375 0.0484375
1 0.40859375 0.490625 0.03984375 0.040625
1 0.02578125 0.50234375 0.04375 0.0265625
1 0.246875 0.60546875 0.07109375 0.02890625
1 0.7140625 0.496875 0.02890625 0.05078125
1 0.82109375 0.10859375 0.0265625 0.04609375
1 0.1921875 0.18203125 0.0375 0.0484375
1 0.3515625 0.76171875 0.06953125 0.03359375
1 0.29921875 0.9390625 0.0484375 0.028125
1 0.521875 0.20859375 0.046875 0.06875
1 0.66875 0.21796875 0.0578125 0.06953125
1 0.35703125 0.1234375 0.06171875 0.0625
1 0.11875 0.6484375 0.059375 0.06640625
1 0.66640625 0.07265625 0.05234375 0.06640625
1 0.23984375 0.68125 0.07578125 0.05703125
1 0.959375 0.2046875 0.0359375 0.075