1 0.7859375 0.27109375 0.03125 0.059375
1 0.63984375 0.6671875 0.02734375 0.0578125
1 0.2546875 0.7203125 0.053125 0.03125
1 0.69453125 0.46484375 0.03046875 0.04921875
1 0.4421875 0.1515625 0.0359375 0.04140625
1 0.75625 0.425 0.040625 0.04609375
1 0.253125 0.42578125 0.05546875 0.0328125
1 0.47265625 0.59609375 0.0609375 0.03203125
1 0.51015625 0.42265625 0.0265625 0.0578125
1 0.88046875 0.16171875 0.02890625 0.04296875
1 0.059375 0.44140625 0.05234375 0.0578125
1 0.3734375 0.65625 0.03203125 0.02890625
1 0.425 0.3828125 0.05078125 0.025
1 0.13828125 0.3125 0.03671875 0.0859375
1 0.28125 0.26796875 0.04140625 0.06484375
1 0.30546875 0.290625 0.04140625 0.071875
1 0.71328125 0.74140625 0.05625 0.0421875