1 0.828125 0.5671875 0.02890625 0.06328125
1 0.55703125 0.90546875 0.0453125 0.040625
1 0.76171875 0.73359375 0.046875 0.03984375
1 0.425 0.60625 0.06640625 0.03046875
1 0.63125 0.95625 0.04453125 0.03984375
1 0.8609375 0.7515625 0.03203125 0.05234375
1 0.14296875 0.1890625 0.02421875 0.05
1 0.8953125 0.20546875 0.03359375 0.053125
1 0.42265625 0.35078125 0.046875 0.0265625
1 0.68125 0.30234375 0.0328125 0.05703125
1 0.14375 0.553125 0.0234375 0.03984375
1 0.3375 0.89921875 0.04140625 0.0390625
1 0.41015625 0.86015625 0.0359375 0.0640625