1 0.35078125 0.2390625 0.05625 0.028125
1 0.13046875 0.2109375 0.03046875 0.0546875
1 0.1328125 0.10625 0.046875 0.034375
1 0.3671875 0.00625 0.05546875 0.0125
1 0.43984375 0.16015625 0.06015625 0.03046875
1 0.46171875 0.084375 0.05625 0.040625
1 0.728125 0.06796875 0.0328125 0.06640625
1 0.4828125 0.4953125 0.06171875 0.06328125
1 0.421875 0.34375 0.071875 0.0359375
1 0.22734375 0.31328125 0.03203125 0.0828125
1 0.26015625 0.4453125 0.0578125 0.0578125
1 0.19296875 0.58828125 0.0421875 0.0640625
1 0.29296875 0.6796875 0.09296875 0.03984375
1 0.04609375 0.57109375 0.0671875 0.04609375
1 0.02421875 0.7734375 0.0421875 0.0484375
1 0.17109375 0.8765625 0.05 0.05