1 0.2328125 0.57734375 0.03828125 0.05546875
1 0.48046875 0.80390625 0.05078125 0.03828125
1 0.603125 0.103125 0.0609375 0.0296875
1 0.22265625 0.16328125 0.03046875 0.0640625
1 0.471875 0.49765625 0.03828125 0.053125
1 0.790625 0.16953125 0.0546875 0.0296875
1 0.46015625 0.06484375 0.028125 0.06171875
1 0.928125 0.41953125 0.05859375 0.03828125
1 0.740625 0.84140625 0.0609375 0.028125
1 0.3265625 0.3703125 0.0578125 0.034375
1 0.58515625 0.86484375 0.059375 0.02890625
1 0.81640625 0.028125 0.05625 0.028125
1 0.6671875 0.9890625 0.05703125 0.02109375
1 0.559375 0.23359375 0.03515625 0.06171875
1 0.69609375 0.653125 0.06015625 0.046875
1 0.93359375 0.25625 0.06484375 0.03046875
1 0.35 0.21875 0.0265625 0.05859375