1 0.7671875 0.23984375 0.06328125 0.02734375
1 0.74140625 0.3703125 0.06484375 0.028125
1 0.59375 0.8734375 0.05859375 0.02890625
1 0.540625 0.31328125 0.0796875 0.03125
1 0.39921875 0.16015625 0.04140625 0.05546875
1 0.325 0.16328125 0.0734375 0.03046875
1 0.15859375 0.4640625 0.02734375 0.0515625
1 0.72265625 0.49296875 0.05078125 0.03046875
1 0.24140625 0.68828125 0.05546875 0.03046875
1 0.796875 0.15390625 0.06484375 0.02890625
1 0.0921875 0.48359375 0.04375 0.04140625
1 0.3609375 0.63046875 0.028125 0.0578125
1 0.4984375 0.6515625 0.0484375 0.040625
1 0.79375 0.00859375 0.04375 0.0171875
1 0.1453125 0.5125 0.03125 0.0203125
1 0.028125 0.76953125 0.0484375 0.05390625
1 0.1578125 0.21015625 0.065625 0.0484375
1 0.1453125 0.2484375 0.07578125 0.03515625