1 0.378125 0.6234375 0.04609375 0.040625
1 0.5 0.37109375 0.0421875 0.0453125
1 0.30078125 0.80625 0.02890625 0.059375
1 0.0421875 0.8515625 0.034375 0.04921875
1 0.32578125 0.05859375 0.0796875 0.0359375
1 0.65234375 0.90703125 0.06171875 0.05703125
1 0.38671875 0.48828125 0.03671875 0.0484375
1 0.7359375 0.2515625 0.0515625 0.03828125
1 0.4546875 0.91171875 0.03125 0.04296875
1 0.91875 0.93046875 0.0515625 0.03046875
1 0.15546875 0.0234375 0.021875 0.03203125
1 0.92734375 0.10859375 0.0421875 0.07265625
1 0.2390625 0.58046875 0.07578125 0.04453125
1 0.40625 0.71953125 0.07734375 0.0390625
1 0.62421875 0.74375 0.04609375 0.06953125
1 0.1296875 0.025 0.07421875 0.03359375
1 0.23359375 0.0953125 0.07734375 0.0375
1 0.0171875 0.33984375 0.0328125 0.05
1 0.7375 0.465625 0.090625 0.0390625
1 0.65625 0.08046875 0.071875 0.05
1 0.91640625 0.425 0.078125 0.046875
1 0.13125 0.3765625 0.046875 0.0640625