1 0.56640625 0.9875 0.034375 0.0234375
1 0.3109375 0.334375 0.03046875 0.0671875
1 0.20234375 0.28828125 0.07265625 0.071875
1 0.03359375 0.36015625 0.0609375 0.05
1 0.0703125 0.12890625 0.053125 0.0421875
1 0.15234375 0.059375 0.0625 0.0453125
1 0.72578125 0.1 0.04453125 0.05
1 0.69453125 0.68984375 0.05859375 0.04609375
1 0.56640625 0.89921875 0.0609375 0.04453125
1 0.25390625 0.9265625 0.0546875 0.03984375
1 0.18359375 0.91953125 0.05546875 0.02890625
1 0.1171875 0.95703125 0.04296875 0.05234375
1 0.05234375 0.9015625 0.05625 0.0609375
1 0.05 0.95234375 0.05234375 0.0328125
1 0.1359375 0.7875 0.06171875 0.046875
1 0.1484375 0.70625 0.0640625 0.04609375
1 0.090625 0.54375 0.0625 0.034375
1 0.24375 0.62578125 0.0671875 0.03359375
1 0.03046875 0.628125 0.046875 0.04609375
1 0.93046875 0.55546875 0.03828125 0.05859375
1 0.93046875 0.91328125 0.05546875 0.03046875
1 0.9796875 0.3765625 0.03984375 0.05078125
1 0.98671875 0.14140625 0.0265625 0.0765625