1 0.7375 0.77109375 0.05 0.028125
1 0.03203125 0.7859375 0.03984375 0.03828125
1 0.70859375 0.39453125 0.05625 0.03125
1 0.98046875 0.06640625 0.03828125 0.0296875
1 0.4296875 0.40546875 0.028125 0.05078125
1 0.7609375 0.52109375 0.06171875 0.04609375
1 0.66015625 0.21484375 0.07109375 0.03828125
1 0.3453125 0.4921875 0.0484375 0.03671875
1 0.25234375 0.96640625 0.0296875 0.05
1 0.5640625 0.72578125 0.06015625 0.03046875
1 0.35625 0.878125 0.02421875 0.05546875
1 0.525 0.86796875 0.05078125 0.0578125
1 0.65234375 0.8609375 0.0625 0.03125
1 0.7625 0.2109375 0.059375 0.028125
1 0.959375 0.865625 0.0453125 0.0265625
1 0.434375 0.2390625 0.06015625 0.034375
1 0.20390625 0.184375 0.04765625 0.05859375
1 0.825 0.053125 0.03828125 0.0578125
1 0.72421875 0.66640625 0.04921875 0.0375
1 0.06875 0.90546875 0.04609375 0.04375
1 0.95 0.98984375 0.028125 0.0171875
0 0.19140625 0.29921875 0.1171875 0.103125
0 0.559375 0.6515625 0.03984375 0.07734375
0 0.6890625 0.98125 0.03515625 0.0296875