1 0.76171875 0.93046875 0.046875 0.0484375
1 0.48359375 0.15390625 0.04296875 0.0390625
1 0.54765625 0.3640625 0.0328125 0.05078125
1 0.6078125 0.66015625 0.03984375 0.05234375
1 0.79921875 0.38046875 0.0578125 0.0359375
1 0.91171875 0.98046875 0.046875 0.0375
1 0.91171875 0.50546875 0.06953125 0.04140625
1 0.68125 0.24765625 0.0625 0.0328125
1 0.02265625 0.63984375 0.0453125 0.040625
1 0.26796875 0.32734375 0.0578125 0.03515625
1 0.4828125 0.41640625 0.0703125 0.0453125
1 0.38515625 0.22109375 0.03046875 0.05078125
1 0.91171875 0.17421875 0.04609375 0.03671875
1 0.19296875 0.77734375 0.0515625 0.03203125
1 0.2515625 0.53828125 0.04375 0.046875
1 0.85859375 0.071875 0.03984375 0.0484375
1 0.7671875 0.11484375 0.05625 0.04453125
1 0.41875 0.7859375 0.07421875 0.0625
1 0.66953125 0.01015625 0.0515625 0.0203125
1 0.165625 0.090625 0.03828125 0.0390625
1 0.83984375 0.98359375 0.02890625 0.025
1 0.59609375 0.5203125 0.05625 0.0390625
1 0.259375 0.98125 0.053125 0.02734375
1 0.14609375 0.28125 0.0453125 0.0234375
0 0.096875 0.1875 0.09609375 0.0859375
1 0.21015625 0.40546875 0.06015625 0.0265625
1 0.46875 0.4890625 0.0515625 0.0640625
1 0.95859375 0.365625 0.05859375 0.078125