1 0.48046875 0.01875 0.03359375 0.0328125
1 0.53046875 0.275 0.065625 0.0390625
1 0.25 0.16015625 0.03125 0.11328125
1 0.6953125 0.6859375 0.04609375 0.075
1 0.1265625 0.03984375 0.0390625 0.07734375
1 0.40078125 0.5265625 0.05 0.078125
1 0.5625 0.571875 0.08046875 0.05078125
1 0.85859375 0.40078125 0.03515625 0.0984375
1 0.93046875 0.628125 0.046875 0.090625
1 0.28515625 0.6328125 0.04296875 0.10390625
1 0.30390625 0.92421875 0.053125 0.09140625
1 0.10546875 0.81875 0.07109375 0.059375
1 0.0546875 0.703125 0.0359375 0.13046875
1 0.06875 0.45859375 0.05625 0.0453125