1 0.69453125 0.5640625 0.0546875 0.0359375
1 0.96953125 0.10390625 0.05625 0.03359375
1 0.5765625 0.8296875 0.0390625 0.046875
1 0.928125 0.75078125 0.059375 0.0296875
1 0.33359375 0.025 0.03359375 0.04453125
1 0.275 0.34375 0.053125 0.028125
1 0.759375 0.3 0.04453125 0.04375
1 0.3421875 0.690625 0.03203125 0.07109375
0 0.96953125 0.62265625 0.059375 0.09453125
1 0.9875 0.25625 0.02109375 0.0359375
1 0.37265625 0.4984375 0.059375 0.046875
1 0.13515625 0.5140625 0.05859375 0.04140625
1 0.58828125 0.6921875 0.06484375 0.0390625