1 0.11796875 0.40703125 0.0484375 0.03984375
1 0.0828125 0.27265625 0.03046875 0.06015625
1 0.865625 0.16796875 0.034375 0.0484375
1 0.0921875 0.109375 0.05625 0.03359375
1 0.25703125 0.8625 0.053125 0.046875
1 0.7796875 0.746875 0.06875 0.03125
1 0.3671875 0.6609375 0.04765625 0.0390625
1 0.9734375 0.01484375 0.021875 0.0296875
1 0.3015625 0.11015625 0.0515625 0.046875
1 0.71171875 0.3 0.053125 0.0296875
1 0.2234375 0.05078125 0.0359375 0.05625
1 0.9390625 0.35390625 0.03671875 0.0421875
1 0.965625 0.74453125 0.0296875 0.04609375
1 0.646875 0.13359375 0.04296875 0.05