1 0.30546875 0.984375 0.04765625 0.03046875
1 0.19453125 0.08828125 0.046875 0.04296875
1 0.05703125 0.6078125 0.0640625 0.0328125
1 0.58828125 0.53125 0.0359375 0.046875
1 0.21171875 0.90703125 0.04140625 0.04765625
1 0.83359375 0.0796875 0.03046875 0.05703125
1 0.85390625 0.85703125 0.03203125 0.05546875
1 0.08359375 0.93984375 0.05546875 0.028125
1 0.39140625 0.91328125 0.03125 0.0515625
1 0.88359375 0.29296875 0.0484375 0.0296875
1 0.63203125 0.29375 0.025 0.05
1 0.73828125 0.4140625 0.046875 0.03046875
1 0.6390625 0.09375 0.0734375 0.0515625
1 0.721875 0.85546875 0.05625 0.03984375
1 0.73203125 0.559375 0.07734375 0.04609375
1 0.8109375 0.42578125 0.06015625 0.04453125
1 0.7421875 0.9484375 0.05546875 0.040625
1 0.96640625 0.82890625 0.0671875 0.05
1 0.4453125 0.6484375 0.04296875 0.04296875
1 0.36328125 0.4640625 0.04140625 0.06875
1 0.96015625 0.63515625 0.05 0.0296875
1 0.57109375 0.07265625 0.034375 0.0796875
1 0.075 0.26171875 0.04453125 0.075