1 0.88125 0.10234375 0.03203125 0.05078125
1 0.49609375 0.52890625 0.05546875 0.0296875
1 0.6703125 0.62265625 0.046875 0.04453125
1 0.465625 0.69140625 0.04375 0.0375
1 0.45625 0.30625 0.06015625 0.03046875
1 0.88125 0.21875 0.02890625 0.05234375
1 0.6171875 0.05546875 0.07109375 0.03359375
1 0.690625 0.2546875 0.03671875 0.0390625
1 0.115625 0.871875 0.05625 0.03359375
1 0.8140625 0.546875 0.05234375 0.03359375
1 0.009375 0.84453125 0.01875 0.04140625
1 0.16015625 0.26015625 0.06328125 0.03671875
1 0.2109375 0.76953125 0.0375 0.05234375
1 0.66953125 0.5171875 0.0546875 0.04921875
1 0.65234375 0.32421875 0.05625 0.0671875