1 0.753125 0.73359375 0.04765625 0.0515625
1 0.8578125 0.02265625 0.05078125 0.0265625
1 0.028125 0.77265625 0.02578125 0.06015625
1 0.47421875 0.7453125 0.04921875 0.04296875
1 0.32890625 0.6671875 0.05390625 0.0359375
1 0.78515625 0.13671875 0.0421875 0.03515625
1 0.37265625 0.80546875 0.05859375 0.03046875
1 0.38046875 0.36640625 0.05 0.03046875
1 0.26875 0.81875 0.02890625 0.05625
1 0.24453125 0.4109375 0.03984375 0.04765625
1 0.69140625 0.24921875 0.05546875 0.0296875
1 0.421875 0.4546875 0.03359375 0.0484375
1 0.77109375 0.49921875 0.02734375 0.03828125
1 0.07578125 0.325 0.04375 0.0359375
1 0.2203125 0.86171875 0.05390625 0.028125
1 0.11484375 0.20625 0.0328125 0.0375
1 0.24609375 0.1015625 0.0390625 0.0765625
1 0.52109375 0.16875 0.0734375 0.0359375