1 0.65234375 0.51328125 0.05859375 0.0375
1 0.2296875 0.86171875 0.02734375 0.05390625
1 0.78046875 0.42421875 0.02890625 0.05390625
1 0.809375 0.41796875 0.025 0.05703125
1 0.47890625 0.50390625 0.03984375 0.04140625
1 0.85546875 0.7953125 0.06875 0.05078125
1 0.31015625 0.6 0.028125 0.04921875
1 0.51484375 0.28828125 0.05625 0.05234375
1 0.6578125 0.57421875 0.04296875 0.034375
1 0.87578125 0.64453125 0.0703125 0.04453125
1 0.0171875 0.346875 0.028125 0.03828125
1 0.8078125 0.80234375 0.05546875 0.05234375