1 0.13359375 0.25625 0.04609375 0.05
1 0.43515625 0.74140625 0.0421875 0.04296875
1 0.14765625 0.05390625 0.0359375 0.0515625
1 0.04140625 0.75 0.05625 0.03359375
1 0.809375 0.946875 0.0515625 0.03828125
1 0.28046875 0.846875 0.03828125 0.04765625
1 0.36640625 0.3953125 0.04921875 0.0421875
1 0.7796875 0.73515625 0.0296875 0.05
1 0.684375 0.73828125 0.02265625 0.0453125
1 0.4875 0.06875 0.05 0.03046875
1 0.8140625 0.234375 0.028125 0.0515625
1 0.90390625 0.87578125 0.0375 0.05078125
1 0.60703125 0.35078125 0.07421875 0.04375
1 0.66640625 0.475 0.046875 0.06015625
1 0.65625 0.90859375 0.040625 0.04375
1 0.45078125 0.975 0.0609375 0.04921875
1 0.62421875 0.1671875 0.03828125 0.04296875
1 0.8921875 0.14609375 0.0296875 0.0703125
1 0.8671875 0.39140625 0.04375 0.07109375
1 0.559375 0.5515625 0.059375 0.02890625
1 0.8921875 0.671875 0.0453125 0.05