1 0.7828125 0.07734375 0.028125 0.053125
1 0.6078125 0.96953125 0.028125 0.0546875
1 0.15546875 0.62578125 0.034375 0.04375
1 0.61796875 0.6203125 0.059375 0.03046875
1 0.88359375 0.4359375 0.0421875 0.04765625
1 0.565625 0.95546875 0.05 0.04453125
1 0.1203125 0.4859375 0.04921875 0.03359375
1 0.76640625 0.240625 0.0296875 0.04296875
1 0.60625 0.38828125 0.046875 0.03984375
1 0.6390625 0.490625 0.04609375 0.0390625
1 0.38828125 0.5328125 0.04296875 0.0734375
1 0.31953125 0.8046875 0.02265625 0.07421875