1 0.40703125 0.390625 0.0578125 0.0390625
1 0.18515625 0.25859375 0.0578125 0.0359375
1 0.428125 0.86015625 0.0484375 0.0359375
1 0.02109375 0.89375 0.03984375 0.0359375
1 0.528125 0.31640625 0.0625 0.0296875
1 0.3484375 0.17109375 0.053125 0.02890625
1 0.43671875 0.153125 0.034375 0.05546875
1 0.25390625 0.53125 0.04140625 0.0421875
1 0.72421875 0.91171875 0.046875 0.025
1 0.1296875 0.68828125 0.0265625 0.053125
1 0.73046875 0.16015625 0.0390625 0.0359375
1 0.89296875 0.3109375 0.02734375 0.03203125
1 0.73984375 0.6328125 0.02890625 0.07109375
1 0.65234375 0.715625 0.07890625 0.03203125
1 0.25546875 0.67109375 0.04921875 0.06640625