1 0.38359375 0.3703125 0.05234375 0.03046875
1 0.73125 0.4625 0.059375 0.028125
1 0.115625 0.4875 0.0546875 0.0359375
1 0.1984375 0.6265625 0.03125 0.04453125
1 0.75703125 0.975 0.0359375 0.04296875
1 0.15390625 0.30859375 0.05078125 0.03671875
1 0.90859375 0.965625 0.059375 0.0328125
1 0.81484375 0.8734375 0.028125 0.0453125
0 0.9609375 0.9421875 0.05859375 0.11015625
1 0.278125 0.73203125 0.06640625 0.04453125
1 0.634375 0.89921875 0.03984375 0.0390625
1 0.275 0.27109375 0.03203125 0.046875
0 0.31328125 0.4390625 0.10703125 0.1484375
1 0.1296875 0.1609375 0.02890625 0.0796875
1 0.84453125 0.034375 0.08125 0.04765625
1 0.39765625 0.70078125 0.04140625 0.04921875
1 0.50234375 0.02265625 0.05 0.040625