1 0.278125 0.78359375 0.04296875 0.040625
1 0.83046875 0.7875 0.046875 0.0359375
1 0.071875 0.96015625 0.05 0.0296875
1 0.98125 0.62578125 0.02890625 0.05703125
1 0.953125 0.271875 0.025 0.046875
1 0.88359375 0.45390625 0.05 0.02734375
1 0.07265625 0.22109375 0.0515625 0.02578125
1 0.2171875 0.9328125 0.03125 0.05234375
1 0.040625 0.76640625 0.0359375 0.0515625
1 0.00859375 0.89921875 0.01640625 0.05703125
1 0.57109375 0.65 0.02890625 0.0578125
1 0.0296875 0.59921875 0.0296875 0.04921875
1 0.55078125 0.2765625 0.0640625 0.059375
1 0.35234375 0.49296875 0.0640625 0.0546875
1 0.6015625 0.8515625 0.05625 0.03984375
1 0.93046875 0.80703125 0.04375 0.06484375
1 0.61171875 0.6671875 0.04921875 0.05078125
1 0.0125 0.415625 0.025 0.078125
1 0.7984375 0.63359375 0.07578125 0.0296875