1 0.2828125 0.3671875 0.0484375 0.0453125
1 0.94296875 0.496875 0.04609375 0.034375
1 0.49375 0.1578125 0.02890625 0.05546875
1 0.5734375 0.96015625 0.053125 0.0328125
1 0.509375 0.76484375 0.053125 0.0421875
1 0.1578125 0.31171875 0.03828125 0.04453125
1 0.2640625 0.7234375 0.05390625 0.03828125
1 0.7859375 0.14375 0.025 0.0546875
1 0.4375 0.67109375 0.0359375 0.05234375
1 0.81484375 0.83046875 0.05625 0.0296875
1 0.28125 0.884375 0.0265625 0.0421875
1 0.83671875 0.63203125 0.0671875 0.03203125
1 0.36875 0.5921875 0.059375 0.04375
1 0.45390625 0.5203125 0.02578125 0.04140625
1 0.33515625 0.6234375 0.05390625 0.0546875