1 0.1453125 0.5 0.04609375 0.03125
1 0.88203125 0.3171875 0.08359375 0.046875
1 0.196875 0.0515625 0.04765625 0.03046875
1 0.6484375 0.2671875 0.0578125 0.0484375
1 0.9078125 0.1296875 0.03125 0.04765625
1 0.60390625 0.81171875 0.08203125 0.04375
1 0.40703125 0.5359375 0.0296875 0.028125
1 0.6359375 0.14375 0.05 0.0296875
1 0.3796875 0.44765625 0.0453125 0.04609375
1 0.67578125 0.88359375 0.0625 0.04140625
1 0.7078125 0.6765625 0.05625 0.05234375
1 0.75859375 0.83359375 0.04140625 0.06640625
1 0.78984375 0.54296875 0.0921875 0.04296875
1 0.21875 0.171875 0.05 0.04765625
1 0.4234375 0.1046875 0.08671875 0.03671875