1 0.5859375 0.159375 0.053125 0.02890625
1 0.06796875 0.721875 0.04375 0.04609375
1 0.896875 0.03671875 0.03203125 0.05546875
1 0.78046875 0.62421875 0.053125 0.0296875
1 0.72109375 0.3890625 0.05 0.03359375
1 0.91796875 0.490625 0.03671875 0.05234375
1 0.653125 0.01328125 0.040625 0.02578125
1 0.3734375 0.0984375 0.05703125 0.03125
1 0.87890625 0.1703125 0.06328125 0.03125
1 0.94609375 0.93671875 0.0546875 0.03671875
1 0.64140625 0.47734375 0.03125 0.046875
1 0.5578125 0.8734375 0.0515625 0.034375
1 0.18984375 0.47421875 0.0515625 0.02890625
1 0.584375 0.728125 0.05234375 0.03046875
1 0.32265625 0.4171875 0.02890625 0.03046875
1 0.009375 0.53515625 0.01796875 0.0375
1 0.54453125 0.0140625 0.0296875 0.028125
1 0.43828125 0.19140625 0.05625 0.02578125
1 0.1703125 0.23125 0.0421875 0.025
1 0.3578125 0.9453125 0.0390625 0.0453125
1 0.9796875 0.71484375 0.03046875 0.02421875
1 0.2734375 0.621875 0.04609375 0.03125
1 0.34765625 0.96171875 0.040625 0.0328125
1 0.38828125 0.73671875 0.03828125 0.0640625
1 0.06796875 0.91875 0.03359375 0.084375
1 0.0359375 0.4015625 0.0609375 0.06171875
1 0.21640625 0.02734375 0.04296875 0.0546875