1 0.846875 0.13671875 0.05234375 0.0296875
1 0.22265625 0.11015625 0.06796875 0.03828125
1 0.5109375 0.69453125 0.05703125 0.02890625
1 0.434375 0.4328125 0.08046875 0.0515625
1 0.453125 0.11328125 0.075 0.05390625
1 0.60859375 0.62421875 0.0515625 0.08515625
1 0.46328125 0.8265625 0.0890625 0.046875
1 0.28515625 0.8921875 0.078125 0.0484375
1 0.6875 0.71953125 0.09375 0.05625
1 0.6875 0.85859375 0.04765625 0.0765625
1 0.9046875 0.88359375 0.078125 0.0578125
1 0.77890625 0.62734375 0.0828125 0.0390625
1 0.39375 0.5625 0.06015625 0.05
1 0.9359375 0.32734375 0.06953125 0.0453125
1 0.8984375 0.20859375 0.0625 0.04765625
1 0.40546875 0.284375 0.06796875 0.07265625
1 0.65078125 0.2359375 0.05390625 0.06484375