1 0.54765625 0.79375 0.05859375 0.071875
1 0.69375 0.86953125 0.06484375 0.0609375
1 0.834375 0.66328125 0.059375 0.03828125
1 0.49375 0.39140625 0.06171875 0.0453125
1 0.24296875 0.4125 0.0640625 0.0625
1 0.0578125 0.38984375 0.04765625 0.09453125
1 0.0703125 0.61171875 0.03359375 0.10390625
1 0.034375 0.8984375 0.03984375 0.12890625
1 0.175 0.88203125 0.034375 0.10234375
1 0.134375 0.2828125 0.040625 0.090625
1 0.30859375 0.20546875 0.0421875 0.1078125
1 0.121875 0.09921875 0.05546875 0.0703125
1 0.54453125 0.0484375 0.05703125 0.075
1 0.478125 0.21640625 0.0640625 0.1015625
1 0.39140625 0.43203125 0.0484375 0.11484375
1 0.43203125 0.61484375 0.05859375 0.04921875
1 0.22890625 0.696875 0.06796875 0.05625
1 0.34375 0.95703125 0.065625 0.06171875
1 0.615625 0.34921875 0.04765625 0.1078125
1 0.2109375 0.28828125 0.0625 0.04140625