1 0.50703125 0.603125 0.02890625 0.05703125
1 0.815625 0.2515625 0.04453125 0.04140625
1 0.9859375 0.50390625 0.02578125 0.04921875
1 0.34453125 0.57734375 0.065625 0.02890625
1 0.8828125 0.809375 0.059375 0.02890625
1 0.16953125 0.06328125 0.0515625 0.03046875
1 0.5203125 0.353125 0.0328125 0.04140625
1 0.68515625 0.93828125 0.0546875 0.0296875
0 0.06875 0.85234375 0.1109375 0.11015625
1 0.93671875 0.62890625 0.04921875 0.0515625
1 0.259375 0.9390625 0.0359375 0.06328125
0 0.040625 0.384375 0.0703125 0.09453125
0 0.878125 0.9625 0.0953125 0.065625