1 0.8703125 0.0484375 0.05 0.02734375
1 0.0546875 0.9609375 0.0484375 0.0375
1 0.478125 0.27421875 0.03125 0.0578125
1 0.309375 0.23515625 0.0546875 0.02890625
1 0.7484375 0.15625 0.025 0.05
1 0.146875 0.2546875 0.02734375 0.05625
1 0.2359375 0.91015625 0.028125 0.05078125
1 0.41640625 0.5234375 0.05703125 0.03203125
1 0.55859375 0.25390625 0.0359375 0.0375
1 0.115625 0.58515625 0.034375 0.05078125
1 0.87109375 0.3203125 0.059375 0.0265625
1 0.3640625 0.95859375 0.0265625 0.046875
1 0.68671875 0.75 0.0328125 0.03828125
1 0.40234375 0.87265625 0.0265625 0.04375
1 0.98125 0.66171875 0.028125 0.04921875
1 0.9 0.7890625 0.0265625 0.0328125
1 0.65 0.52578125 0.02890625 0.053125
1 0.015625 0.13828125 0.02578125 0.03125
1 0.46484375 0.409375 0.0296875 0.0328125
0 0.3359375 0.41640625 0.1390625 0.1140625
0 0.5109375 0.7015625 0.171875 0.0984375
0 0.5140625 0.6078125 0.11484375 0.12421875
0 0.7796875 0.26484375 0.146875 0.08828125
0 0.79140625 0.93125 0.1921875 0.09765625
1 0.05 0.25 0.03984375 0.06796875
1 0.28359375 0.684375 0.04609375 0.0625
1 0.75234375 0.753125 0.04375 0.07578125
1 0.853125 0.5703125 0.059375 0.04921875