1 0.846875 0.075 0.0328125 0.0515625
1 0.85703125 0.73828125 0.053125 0.03359375
1 0.54921875 0.18984375 0.040625 0.0484375
1 0.74765625 0.64921875 0.0484375 0.0375
1 0.3828125 0.31171875 0.05234375 0.034375
1 0.696875 0.525 0.05859375 0.03125
1 0.4828125 0.7171875 0.02578125 0.053125
1 0.07578125 0.92265625 0.05546875 0.0375
1 0.171875 0.02109375 0.034375 0.0421875
1 0.33671875 0.059375 0.0265625 0.05703125
1 0.16015625 0.403125 0.05625 0.03203125
1 0.41171875 0.9828125 0.05703125 0.02734375
1 0.3640625 0.85703125 0.07109375 0.03359375
1 0.0375 0.27734375 0.028125 0.0515625
1 0.13671875 0.67734375 0.0421875 0.03359375
1 0.81171875 0.94375 0.028125 0.0515625
1 0.68203125 0.7625 0.02890625 0.08203125