1 0.76796875 0.5734375 0.0453125 0.0453125
0 0.0640625 0.93125 0.07265625 0.13203125
1 0.4078125 0.1015625 0.05859375 0.02734375
1 0.22265625 0.04609375 0.053125 0.03515625
1 0.95546875 0.521875 0.06328125 0.028125
1 0.484375 0.75859375 0.0515625 0.034375
1 0.0078125 0.34921875 0.015625 0.0421875
1 0.1984375 0.584375 0.0578125 0.03125
1 0.25078125 0.4265625 0.05625 0.03046875
1 0.47265625 0.5046875 0.053125 0.03203125
1 0.99140625 0.16796875 0.0140625 0.05546875
1 0.76875 0.88984375 0.0359375 0.05234375
1 0.7203125 0.98515625 0.02734375 0.0265625
1 0.18828125 0.88359375 0.03984375 0.0453125
1 0.91328125 0.09921875 0.05546875 0.0296875
1 0.25703125 0.71875 0.04609375 0.06171875
1 0.15546875 0.77265625 0.03203125 0.06875