1 0.69765625 0.42890625 0.04921875 0.04140625
1 0.4296875 0.196875 0.0328125 0.05234375
1 0.15625 0.92421875 0.059375 0.03203125
1 0.10859375 0.36015625 0.05625 0.028125
1 0.78359375 0.896875 0.0390625 0.0484375
1 0.8171875 0.028125 0.0609375 0.03359375
1 0.40078125 0.61875 0.05625 0.03203125
1 0.9421875 0.69140625 0.05546875 0.02734375
1 0.49453125 0.490625 0.04375 0.046875
1 0.5125 0.978125 0.03203125 0.04140625
1 0.60625 0.00703125 0.046875 0.0140625
1 0.07421875 0.5 0.05625 0.040625
1 0.94765625 0.559375 0.0375 0.04296875
1 0.08984375 0.07265625 0.04296875 0.03828125
1 0.471875 0.1046875 0.0453125 0.05625
1 0.0296875 0.52890625 0.05 0.04453125
1 0.475 0.7359375 0.05 0.0828125
1 0.95546875 0.32109375 0.0578125 0.06875