1 0.51953125 0.38203125 0.05546875 0.02734375
1 0.34609375 0.93984375 0.0453125 0.02734375
1 0.7625 0.48515625 0.03984375 0.05
1 0.090625 0.26015625 0.02578125 0.05
1 0.696875 0.36484375 0.05234375 0.02734375
1 0.8359375 0.7671875 0.02265625 0.046875
1 0.0890625 0.43203125 0.05234375 0.02578125
1 0.62578125 0.465625 0.05546875 0.034375
1 0.48203125 0.78515625 0.08203125 0.0375
1 0.68046875 0.01328125 0.03046875 0.0265625
1 0.18359375 0.01484375 0.02734375 0.0296875
1 0.57421875 0.81875 0.040625 0.03046875
1 0.4078125 0.4828125 0.0546875 0.02578125
1 0.35390625 0.73671875 0.03203125 0.04921875
1 0.13671875 0.99296875 0.04453125 0.0140625
1 0.4875 0.60546875 0.0453125 0.03828125
1 0.54453125 0.03359375 0.02578125 0.0296875
1 0.17109375 0.190625 0.03984375 0.06328125
1 0.0921875 0.10546875 0.06484375 0.0484375
1 0.1609375 0.3578125 0.0546875 0.04765625
1 0.93359375 0.371875 0.03984375 0.028125
1 0.01484375 0.39453125 0.02578125 0.04765625