1 0.7078125 0.76875 0.04609375 0.03984375
1 0.30078125 0.68203125 0.046875 0.02890625
1 0.7890625 0.23046875 0.03359375 0.05546875
1 0.090625 0.81171875 0.04140625 0.0265625
1 0.31015625 0.9828125 0.0234375 0.034375
1 0.384375 0.2625 0.05546875 0.053125
1 0.1390625 0.03125 0.06953125 0.02890625
1 0.52578125 0.875 0.02578125 0.05625
1 0.93046875 0.9890625 0.034375 0.0203125
1 0.85859375 0.37734375 0.0484375 0.03203125
1 0.87734375 0.29921875 0.021875 0.046875
1 0.40078125 0.56796875 0.0421875 0.03046875
1 0.56953125 0.1046875 0.0265625 0.040625
1 0.01953125 0.3125 0.028125 0.0484375
1 0.91484375 0.60859375 0.0609375 0.0375
1 0.78671875 0.6578125 0.0359375 0.0796875
1 0.2296875 0.74296875 0.08125 0.03359375