1 0.7375 0.54296875 0.03984375 0.0390625
1 0.440625 0.82578125 0.0265625 0.05078125
1 0.54609375 0.9171875 0.0328125 0.0546875
1 0.86015625 0.42109375 0.03359375 0.0453125
1 0.15546875 0.7375 0.0265625 0.0515625
1 0.66171875 0.55078125 0.028125 0.05859375
1 0.8703125 0.86328125 0.05078125 0.025
1 0.96796875 0.57265625 0.0578125 0.03046875
1 0.97890625 0.4578125 0.0375 0.02890625
1 0.534375 0.1765625 0.053125 0.04609375
1 0.83828125 0.05625 0.028125 0.05625
1 0.81640625 0.209375 0.04296875 0.03984375
1 0.128125 0.52734375 0.0296875 0.04453125
1 0.796875 0.9734375 0.06171875 0.03046875
1 0.3515625 0.5828125 0.04765625 0.03359375
1 0.9453125 0.6890625 0.046875 0.0359375
1 0.66640625 0.7578125 0.03125 0.03984375
1 0.80546875 0.721875 0.06171875 0.0296875
1 0.89296875 0.65859375 0.0453125 0.03515625
1 0.38984375 0.43203125 0.0453125 0.08203125
1 0.2765625 0.44296875 0.05703125 0.07890625
1 0.125 0.52109375 0.0328125 0.07109375
1 0.57890625 0.42421875 0.06796875 0.05
1 0.39140625 0.8890625 0.04921875 0.04140625
1 0.30078125 0.69765625 0.0390625 0.06640625
1 0.1890625 0.19375 0.06640625 0.04609375
0 0.29453125 0.07421875 0.13203125 0.1046875
1 0.671875 0.03359375 0.0421875 0.0546875
1 0.9828125 0.240625 0.034375 0.06875