0 0.26640625 0.85 0.0671875 0.12109375
1 0.515625 0.50703125 0.0546875 0.0296875
1 0.6375 0.33984375 0.059375 0.05859375
1 0.7546875 0.55859375 0.0625 0.0515625
1 0.42109375 0.2875 0.0765625 0.0328125
1 0.8875 0.6171875 0.06640625 0.0328125
1 0.69453125 0.81640625 0.06796875 0.05234375
1 0.58046875 0.93203125 0.0546875 0.0390625
1 0.9421875 0.93203125 0.05859375 0.04453125
1 0.09765625 0.7078125 0.06875 0.04375
1 0.315625 0.53828125 0.06328125 0.04296875
1 0.33125 0.3796875 0.04921875 0.05859375