1 0.5859375 0.2046875 0.0640625 0.03671875
1 0.56875 0.809375 0.0296875 0.05390625
1 0.7796875 0.2015625 0.07734375 0.0265625
1 0.05 0.0859375 0.05234375 0.028125
1 0.36484375 0.94296875 0.03046875 0.05234375
1 0.365625 0.3546875 0.03046875 0.02734375
1 0.8390625 0.8390625 0.0296875 0.0328125
1 0.29921875 0.14453125 0.07109375 0.02421875
1 0.8703125 0.96328125 0.03125 0.04375
1 0.36484375 0.78359375 0.04453125 0.05078125
1 0.6984375 0.0625 0.046875 0.09375
1 0.278125 0.79765625 0.05703125 0.0328125
1 0.8375 0.02109375 0.04375 0.0375