1 0.79375 0.621875 0.0546875 0.028125
1 0.8265625 0.13203125 0.0578125 0.03984375
1 0.10546875 0.78984375 0.05546875 0.0359375
1 0.46171875 0.2484375 0.0484375 0.03125
1 0.61640625 0.8 0.03515625 0.05703125
1 0.89453125 0.92734375 0.02890625 0.0546875
0 0.378125 0.9296875 0.08828125 0.11953125
1 0.7703125 0.9109375 0.0265625 0.034375
1 0.315625 0.01484375 0.025 0.0296875
1 0.24296875 0.82265625 0.07734375 0.0359375
1 0.54140625 0.83125 0.04609375 0.028125
1 0.26171875 0.08359375 0.05234375 0.0484375
1 0.97109375 0.37578125 0.0265625 0.06015625