1 0.09296875 0.7890625 0.06796875 0.03046875
1 0.490625 0.08203125 0.05 0.03046875
1 0.72734375 0.70546875 0.0546875 0.03046875
1 0.6390625 0.49765625 0.04921875 0.0328125
1 0.80703125 0.9546875 0.05234375 0.02734375
1 0.31875 0.32578125 0.0578125 0.03828125
1 0.5828125 0.3234375 0.02890625 0.03203125
1 0.3 0.85859375 0.0328125 0.028125
1 0.703125 0.903125 0.0546875 0.02578125
1 0.49375 0.61484375 0.0515625 0.04609375
1 0.77421875 0.8390625 0.03359375 0.02265625
1 0.0734375 0.61328125 0.0578125 0.034375
1 0.2703125 0.13515625 0.04765625 0.065625
1 0.525 0.16015625 0.0828125 0.0375
1 0.7421875 0.3046875 0.05703125 0.05703125
1 0.6 0.77578125 0.07109375 0.0359375
1 0.19765625 0.6453125 0.03828125 0.05703125
1 0.3890625 0.49921875 0.0703125 0.03828125
1 0.6734375 0.6203125 0.06953125 0.0375
1 0.9625 0.91015625 0.05625 0.05625
1 0.24375 0.2796875 0.0421875 0.034375
1 0.60703125 0.4296875 0.03125 0.06875