1 0.47265625 0.2140625 0.028125 0.05234375
1 0.21328125 0.5421875 0.04609375 0.03671875
1 0.60390625 0.32265625 0.04765625 0.0453125
1 0.2390625 0.021875 0.05390625 0.03046875
1 0.13515625 0.7328125 0.0453125 0.0328125
1 0.5859375 0.475 0.05546875 0.03359375
1 0.5171875 0.0265625 0.03828125 0.0515625
1 0.584375 0.9625 0.02734375 0.0453125
1 0.81953125 0.95078125 0.02734375 0.03046875
1 0.52578125 0.490625 0.05625 0.03359375
1 0.0890625 0.31640625 0.04921875 0.02734375
1 0.478125 0.75078125 0.0453125 0.03828125
1 0.028125 0.8609375 0.03359375 0.0453125
1 0.76484375 0.51640625 0.05703125 0.03125
1 0.15625 0.98515625 0.0453125 0.02890625
1 0.84921875 0.65 0.02421875 0.05703125
1 0.4484375 0.415625 0.0515625 0.02890625
1 0.28203125 0.30390625 0.0609375 0.05234375
1 0.3078125 0.62578125 0.0375 0.071875
1 0.3375 0.46875 0.07421875 0.0421875
1 0.6296875 0.75078125 0.0640625 0.04296875
1 0.8328125 0.11328125 0.065625 0.08125
1 0.69921875 0.203125 0.06875 0.04453125
1 0.88046875 0.45 0.05234375 0.0765625