1 0.49453125 0.19296875 0.03515625 0.0484375
1 0.5859375 0.403125 0.028125 0.05390625
1 0.60078125 0.9078125 0.06484375 0.0296875
1 0.109375 0.4203125 0.05234375 0.0328125
1 0.378125 0.89453125 0.05703125 0.03125
1 0.40390625 0.61953125 0.02890625 0.0640625
1 0.91484375 0.659375 0.03203125 0.05390625
1 0.790625 0.33828125 0.05 0.03671875
1 0.7671875 0.525 0.05703125 0.046875
1 0.6265625 0.64921875 0.04375 0.05078125
1 0.7890625 0.70390625 0.0546875 0.028125
1 0.31953125 0.70546875 0.046875 0.0390625
1 0.15 0.15390625 0.04921875 0.0265625
1 0.85859375 0.809375 0.0578125 0.0296875