1 0.94453125 0.784375 0.0484375 0.0546875
1 0.80703125 0.18203125 0.0328125 0.05390625
1 0.415625 0.45625 0.03671875 0.08359375
1 0.02109375 0.24609375 0.03984375 0.03125
1 0.7203125 0.31328125 0.046875 0.03828125
1 0.18984375 0.621875 0.025 0.05546875
1 0.55078125 0.73359375 0.03984375 0.03359375
1 0.26953125 0.2875 0.06171875 0.05703125
1 0.33828125 0.18984375 0.03046875 0.07109375
1 0.55546875 0.659375 0.0703125 0.053125
1 0.3296875 0.721875 0.0703125 0.046875
1 0.06953125 0.85390625 0.03828125 0.07578125