1 0.1375 0.528125 0.053125 0.0328125
1 0.09609375 0.24921875 0.09609375 0.04609375
1 0.12109375 0.32265625 0.08203125 0.04921875
1 0.02734375 0.37890625 0.0546875 0.03125
1 0.08671875 0.6859375 0.0640625 0.05
1 0.13515625 0.940625 0.06796875 0.03828125
1 0.296875 0.93046875 0.0703125 0.03359375
1 0.2828125 0.8359375 0.0734375 0.03046875
1 0.22265625 0.5828125 0.05859375 0.04140625
1 0.2890625 0.41875 0.04921875 0.05859375
1 0.39453125 0.28203125 0.046875 0.0796875
1 0.33828125 0.046875 0.0734375 0.03359375
1 0.52109375 0.465625 0.0609375 0.034375
1 0.70546875 0.165625 0.08984375 0.028125
1 0.69140625 0.0796875 0.0484375 0.0671875
1 0.81015625 0.284375 0.065625 0.04921875
1 0.47421875 0.15 0.075 0.03828125