1 0.12109375 0.29609375 0.05 0.04140625
1 0.5546875 0.56328125 0.04765625 0.03984375
1 0.41015625 0.50234375 0.0265625 0.0625
1 0.2171875 0.8328125 0.04921875 0.0328125
1 0.0171875 0.2 0.0296875 0.05625
1 0.50625 0.82109375 0.03984375 0.04375
1 0.69296875 0.690625 0.05390625 0.03203125
1 0.04921875 0.940625 0.05078125 0.025
1 0.0640625 0.5328125 0.02890625 0.04296875
1 0.62890625 0.2875 0.0484375 0.0328125
1 0.47890625 0.21171875 0.04609375 0.03203125
1 0.15078125 0.50703125 0.06484375 0.02890625
1 0.24296875 0.3921875 0.0484375 0.0609375
1 0.115625 0.66171875 0.06953125 0.05703125
1 0.6046875 0.48984375 0.07265625 0.05
1 0.7 0.55078125 0.0875 0.0390625
1 0.340625 0.0578125 0.05703125 0.034375
1 0.33828125 0.31015625 0.0703125 0.04375
1 0.51328125 0.68359375 0.06796875 0.05859375