1 0.7765625 0.24296875 0.0625 0.0296875
1 0.1890625 0.82890625 0.05859375 0.02578125
1 0.459375 0.09765625 0.0640625 0.065625
1 0.0921875 0.07734375 0.06015625 0.0671875
1 0.3875 0.30078125 0.1140625 0.05078125
1 0.62578125 0.2 0.090625 0.0578125
1 0.7484375 0.18984375 0.0796875 0.03046875
1 0.90546875 0.03984375 0.071875 0.05546875
1 0.88984375 0.44609375 0.08046875 0.0734375
1 0.72734375 0.91328125 0.084375 0.059375
1 0.55234375 0.9078125 0.134375 0.0359375
1 0.38125 0.94453125 0.10078125 0.0515625
1 0.43828125 0.75625 0.115625 0.053125