1 0.29609375 0.8109375 0.05078125 0.028125
1 0.7375 0.4890625 0.025 0.05234375
1 0.3640625 0.5796875 0.03203125 0.075
1 0.415625 0.634375 0.05703125 0.06171875
1 0.44921875 0.84140625 0.03671875 0.0734375
1 0.5 0.9421875 0.04765625 0.065625
1 0.609375 0.95390625 0.0796875 0.0515625
1 0.8015625 0.753125 0.03828125 0.0828125
1 0.79921875 0.62109375 0.05390625 0.07734375
1 0.7578125 0.42265625 0.04296875 0.0890625
1 0.9234375 0.28828125 0.05546875 0.0546875
1 0.91953125 0.44296875 0.03828125 0.0734375
1 0.925 0.74921875 0.0375 0.08046875
1 0.88359375 0.96015625 0.04375 0.06796875
1 0.96328125 0.9109375 0.0375 0.059375
1 0.821875 0.184375 0.0390625 0.0875
1 0.8640625 0.215625 0.046875 0.0578125
1 0.92890625 0.07265625 0.04140625 0.06015625
1 0.67890625 0.10859375 0.05 0.09921875
1 0.5546875 0.165625 0.0515625 0.07890625
1 0.4359375 0.278125 0.05546875 0.065625
1 0.6234375 0.271875 0.08984375 0.03515625
1 0.26953125 0.4765625 0.0640625 0.06875
1 0.19375 0.509375 0.0671875 0.05
1 0.1484375 0.44609375 0.08125 0.046875
1 0.1640625 0.346875 0.0734375 0.05390625
1 0.0515625 0.303125 0.05078125 0.07890625
1 0.18515625 0.190625 0.0546875 0.07578125
1 0.15234375 0.234375 0.059375 0.0640625
1 0.0625 0.146875 0.040625 0.084375
1 0.29296875 0.0890625 0.07265625 0.05
1 0.30078125 0.184375 0.071875 0.06875
1 0.3 0.28359375 0.06953125 0.05546875
1 0.278125 0.6015625 0.0625 0.02890625
1 0.30234375 0.67578125 0.05703125 0.05078125
1 0.2578125 0.7203125 0.04375 0.084375
1 0.209375 0.6484375 0.0296875 0.07890625
1 0.10859375 0.55625 0.059375 0.03671875
1 0.01953125 0.453125 0.0375 0.06015625
1 0.0875 0.7203125 0.05703125 0.0546875
1 0.08359375 0.815625 0.07109375 0.0453125
1 0.18359375 0.83046875 0.075 0.04296875
1 0.17421875 0.75234375 0.046875 0.0671875
1 0.19765625 0.934375 0.0578125 0.04765625
1 0.0765625 0.8734375 0.07265625 0.03828125
1 0.315625 0.9046875 0.0453125 0.075
1 0.36796875 0.97578125 0.06171875 0.0390625
1 0.29765625 0.96171875 0.03828125 0.0625
1 0.43203125 0.08671875 0.03515625 0.07109375
1 0.0546875 0.0375 0.04453125 0.0640625
1 0.090625 0.975 0.05 0.05
1 0.72734375 0.18671875 0.03515625 0.08359375