1 0.28046875 0.753125 0.0296875 0.05390625
1 0.90859375 0.315625 0.05078125 0.03125
1 0.05 0.26875 0.02890625 0.0515625
1 0.83515625 0.90625 0.05625 0.03203125
1 0.73828125 0.54296875 0.02734375 0.0453125
1 0.571875 0.1640625 0.05 0.0296875
1 0.26015625 0.8921875 0.059375 0.034375
1 0.484375 0.8734375 0.05859375 0.0296875
1 0.93984375 0.73515625 0.06171875 0.02734375
1 0.678125 0.87421875 0.05546875 0.03203125
1 0.9921875 0.6015625 0.01171875 0.0296875
1 0.759375 0.72109375 0.06171875 0.0484375
1 0.6765625 0.03125 0.034375 0.03828125
1 0.73671875 0.94921875 0.0484375 0.0328125
1 0.32890625 0.6328125 0.02734375 0.0296875
1 0.0984375 0.98125 0.02734375 0.03671875
1 0.58515625 0.89609375 0.03515625 0.0484375
1 0.69453125 0.78125 0.03359375 0.05234375
1 0.49140625 0.76875 0.02890625 0.05390625
1 0.365625 0.865625 0.0578125 0.0578125
1 0.18515625 0.52578125 0.03046875 0.065625
0 0.45 0.928125 0.17421875 0.10625
1 0.2828125 0.4328125 0.03671875 0.06796875
1 0.85234375 0.29296875 0.04453125 0.0640625