1 0.60078125 0.346875 0.059375 0.0265625
1 0.0265625 0.3921875 0.05 0.03515625
1 0.32421875 0.225 0.05625 0.03359375
1 0.07578125 0.10859375 0.05703125 0.0703125
1 0.36015625 0.05859375 0.059375 0.05234375
1 0.61640625 0.65859375 0.05625 0.0515625
1 0.76875 0.9515625 0.059375 0.0609375
1 0.928125 0.63359375 0.0609375 0.03046875
1 0.27890625 0.5265625 0.06171875 0.0375
1 0.33828125 0.33671875 0.0578125 0.0234375
1 0.82421875 0.26640625 0.07421875 0.04296875
1 0.1078125 0.79453125 0.06953125 0.034375
1 0.9703125 0.35234375 0.05859375 0.03359375
1 0.90078125 0.8328125 0.028125 0.06796875