1 0.52421875 0.6546875 0.04765625 0.03828125
1 0.25859375 0.69765625 0.06171875 0.03359375
1 0.08125 0.83046875 0.0484375 0.0265625
1 0.32890625 0.540625 0.08671875 0.0359375
1 0.71484375 0.60703125 0.040625 0.0765625
1 0.95234375 0.3796875 0.0703125 0.0578125
1 0.9390625 0.7859375 0.065625 0.04921875
1 0.50859375 0.95703125 0.08046875 0.0453125
1 0.075 0.23203125 0.06171875 0.05390625
1 0.13046875 0.1671875 0.0421875 0.06328125
1 0.6953125 0.040625 0.09140625 0.0390625
1 0.853125 0.10234375 0.0703125 0.04140625
1 0.73359375 0.20546875 0.07265625 0.034375
1 0.9640625 0.11171875 0.0390625 0.08203125