1 0.46328125 0.8296875 0.02421875 0.0546875
1 0.8640625 0.30625 0.0515625 0.03046875
1 0.7125 0.7828125 0.028125 0.053125
1 0.32421875 0.69453125 0.05078125 0.0296875
1 0.62265625 0.85 0.05546875 0.03046875
1 0.1921875 0.52890625 0.05546875 0.0234375
1 0.48515625 0.084375 0.0609375 0.02578125
1 0.31875 0.96015625 0.03125 0.04609375
1 0.8828125 0.7 0.0453125 0.04921875
1 0.18046875 0.18515625 0.0390625 0.03828125
1 0.5578125 0.36328125 0.05234375 0.0296875
1 0.984375 0.77421875 0.03125 0.034375
1 0.43203125 0.29609375 0.0921875 0.05
1 0.64453125 0.46484375 0.0671875 0.05
1 0.8578125 0.4171875 0.04375 0.0328125
1 0.42578125 0.13984375 0.0390625 0.07421875
1 0.7375 0.3515625 0.06171875 0.05625
1 0.89765625 0.89765625 0.03515625 0.071875
1 0.171875 0.91328125 0.08359375 0.0453125
1 0.1859375 0.4140625 0.04921875 0.08125
0 0.878125 0.6046875 0.17265625 0.0859375
1 0.84609375 0.084375 0.0671875 0.06796875
1 0.69609375 0.02265625 0.03125 0.02734375