1 0.40703125 0.178125 0.0484375 0.04765625
1 0.25078125 0.6828125 0.05390625 0.03046875
1 0.49140625 0.93046875 0.06484375 0.04296875
0 0.93828125 0.4390625 0.1234375 0.07890625
1 0.87734375 0.9890625 0.05078125 0.01796875
1 0.74453125 0.5953125 0.028125 0.0671875
1 0.15859375 0.03671875 0.0859375 0.04609375
1 0.17734375 0.18359375 0.05859375 0.04140625
1 0.90859375 0.959375 0.06875 0.03359375
1 0.84296875 0.815625 0.046875 0.0359375
1 0.37265625 0.878125 0.04921875 0.06015625
1 0.47421875 0.209375 0.03046875 0.05703125