1 0.24609375 0.71796875 0.05078125 0.03359375
1 0.6015625 0.3765625 0.0359375 0.05
1 0.10078125 0.471875 0.04453125 0.0703125
1 0.54296875 0.4140625 0.05 0.0328125
1 0.36484375 0.32421875 0.0296875 0.0828125
1 0.8953125 0.62578125 0.05859375 0.03515625
1 0.57421875 0.96875 0.0265625 0.05703125
1 0.2125 0.13359375 0.04140625 0.03125
1 0.37109375 0.08828125 0.059375 0.03046875
1 0.365625 0.18515625 0.0640625 0.04765625
1 0.2375 0.2078125 0.06171875 0.03125
1 0.1609375 0.165625 0.02265625 0.03671875
1 0.49296875 0.63203125 0.05 0.065625
1 0.315625 0.83359375 0.0609375 0.0546875
1 0.2921875 0.896875 0.06171875 0.040625
0 0.721875 0.6703125 0.184375 0.08515625
1 0.940625 0.8078125 0.065625 0.03046875
1 0.71484375 0.11953125 0.0671875 0.034375
1 0.865625 0.01484375 0.07109375 0.02734375
1 0.875 0.409375 0.06953125 0.03671875
1 0.6703125 0.46875 0.03203125 0.07109375