1 0.4921875 0.37890625 0.0359375 0.0515625
1 0.39375 0.74296875 0.0328125 0.06484375
1 0.8640625 0.23125 0.0375 0.04765625
1 0.3265625 0.83984375 0.059375 0.065625
1 0.2796875 0.6171875 0.059375 0.0328125
1 0.78125 0.49296875 0.040625 0.0546875
1 0.7359375 0.290625 0.0421875 0.0546875
1 0.9265625 0.02734375 0.03828125 0.0453125
1 0.2890625 0.14921875 0.03359375 0.05078125
1 0.33203125 0.46796875 0.0421875 0.05
1 0.975 0.3859375 0.0453125 0.0265625
1 0.19375 0.984375 0.06171875 0.028125
1 0.46171875 0.02421875 0.0421875 0.03359375
1 0.7 0.81640625 0.0484375 0.0421875
1 0.178125 0.68203125 0.0546875 0.03671875
1 0.6703125 0.86796875 0.0703125 0.0375
1 0.81640625 0.6421875 0.03984375 0.05078125
1 0.03046875 0.46796875 0.0609375 0.0765625