1 0.6578125 0.178125 0.04453125 0.0640625
1 0.6140625 0.6515625 0.0671875 0.034375
1 0.76953125 0.8609375 0.0515625 0.0296875
1 0.5609375 0.06796875 0.07265625 0.04765625
1 0.30078125 0.02109375 0.06015625 0.0359375
1 0.0078125 0.19765625 0.015625 0.04921875
1 0.315625 0.52734375 0.02890625 0.05390625
1 0.83125 0.96796875 0.065625 0.05546875
1 0.4625 0.8765625 0.06640625 0.0296875
1 0.92578125 0.82421875 0.02578125 0.059375
1 0.86875 0.00703125 0.04375 0.0140625
1 0.96328125 0.615625 0.053125 0.0296875
1 0.6125 0.35234375 0.07421875 0.03515625
1 0.8125 0.08359375 0.0328125 0.05546875