1 0.103125 0.3890625 0.0640625 0.0265625
1 0.22265625 0.03984375 0.02734375 0.05078125
1 0.3609375 0.11328125 0.025 0.0578125
1 0.83046875 0.66875 0.02734375 0.05234375
1 0.24921875 0.265625 0.05390625 0.02890625
1 0.59609375 0.51015625 0.065625 0.03046875
1 0.36796875 0.5703125 0.06953125 0.02734375
1 0.4796875 0.1046875 0.07421875 0.03046875
1 0.53515625 0.75859375 0.0453125 0.065625
1 0.43984375 0.921875 0.07109375 0.04140625
1 0.1234375 0.98046875 0.0953125 0.03359375
1 0.9515625 0.6265625 0.06328125 0.0453125
1 0.83359375 0.92890625 0.08671875 0.0296875