1 0.040625 0.54765625 0.04765625 0.0375
1 0.56953125 0.1078125 0.03359375 0.04921875
1 0.690625 0.36796875 0.06953125 0.03203125
1 0.29140625 0.5484375 0.040625 0.03671875
1 0.66953125 0.48828125 0.05390625 0.0328125
1 0.81328125 0.77109375 0.07421875 0.04296875
1 0.83359375 0.43125 0.06875 0.034375
1 0.98828125 0.29765625 0.01953125 0.0328125
1 0.15859375 0.10546875 0.053125 0.0265625
1 0.028125 0.20078125 0.04765625 0.03203125
1 0.39609375 0.7171875 0.06640625 0.05
1 0.4265625 0.3046875 0.053125 0.028125
1 0.271875 0.22109375 0.0625 0.03671875
1 0.22109375 0.46796875 0.02109375 0.04375
1 0.14140625 0.57109375 0.0234375 0.046875
1 0.34609375 0.4703125 0.04375 0.02734375
1 0.38828125 0.153125 0.06015625 0.05390625
1 0.57421875 0.9625 0.065625 0.0609375
1 0.425 0.02890625 0.03359375 0.0578125
1 0.43203125 0.59375 0.06015625 0.06015625