1 0.16796875 0.48359375 0.03203125 0.053125
1 0.18046875 0.0359375 0.04921875 0.03046875
1 0.72890625 0.02109375 0.04921875 0.03984375
1 0.0875 0.54296875 0.0375 0.0453125
1 0.64296875 0.3015625 0.05703125 0.0265625
1 0.8578125 0.27578125 0.05546875 0.02890625
1 0.15234375 0.76796875 0.0296875 0.05234375
0 0.17890625 0.1515625 0.08671875 0.1296875
1 0.89921875 0.971875 0.028125 0.053125
1 0.3578125 0.49765625 0.05234375 0.0296875
1 0.88671875 0.5421875 0.05234375 0.0359375
1 0.3484375 0.60078125 0.0453125 0.0421875
1 0.72265625 0.73125 0.04140625 0.03046875
1 0.15703125 0.96875 0.034375 0.0515625
1 0.37578125 0.2171875 0.0421875 0.0640625
1 0.14296875 0.23359375 0.05234375 0.04921875
1 0.61171875 0.59375 0.0296875 0.075
1 0.28359375 0.746875 0.0734375 0.03984375