1 0.23828125 0.19375 0.05 0.084375
1 0.45703125 0.35625 0.0578125 0.0484375
1 0.76875 0.44609375 0.06640625 0.04140625
1 0.86796875 0.51953125 0.06328125 0.07265625
1 0.92578125 0.30703125 0.05 0.06640625
1 0.83671875 0.0515625 0.06015625 0.05078125
1 0.67421875 0.06796875 0.078125 0.040625
1 0.9046875 0.1484375 0.071875 0.03984375
1 0.50859375 0.09296875 0.059375 0.0546875
1 0.31328125 0.21640625 0.0328125 0.0609375
1 0.18046875 0.125 0.05859375 0.0375
1 0.428125 0.04765625 0.0609375 0.05390625
1 0.70390625 0.29140625 0.07578125 0.04296875