1 0.09765625 0.45625 0.04453125 0.053125
1 0.2078125 0.7296875 0.04609375 0.04375
1 0.375 0.76015625 0.065625 0.02890625
1 0.14140625 0.290625 0.06015625 0.034375
1 0.97890625 0.6 0.040625 0.04609375
1 0.95703125 0.9890625 0.05078125 0.02109375
1 0.5875 0.71484375 0.04921875 0.0296875
1 0.209375 0.07421875 0.06015625 0.03046875
1 0.47265625 0.34609375 0.02734375 0.06484375
1 0.5421875 0.70703125 0.0265625 0.04765625
1 0.62421875 0.0828125 0.04921875 0.03125
1 0.03671875 0.915625 0.05390625 0.0671875
1 0.40078125 0.825 0.04609375 0.0546875
0 0.45859375 0.4234375 0.11171875 0.12734375