1 0.17890625 0.715625 0.04140625 0.046875
1 0.84375 0.0359375 0.04609375 0.04375
1 0.29765625 0.89609375 0.04453125 0.06015625
1 0.44375 0.6375 0.05 0.04140625
1 0.8625 0.896875 0.059375 0.0296875
1 0.3125 0.715625 0.046875 0.0390625
1 0.11796875 0.353125 0.05 0.03671875
1 0.453125 0.91875 0.05078125 0.03046875
1 0.11640625 0.8828125 0.03359375 0.06015625
1 0.60390625 0.71328125 0.053125 0.03125
1 0.0953125 0.64609375 0.03203125 0.04765625
1 0.81484375 0.21015625 0.06953125 0.03359375
1 0.38125 0.1375 0.02734375 0.0546875
1 0.7546875 0.57734375 0.05703125 0.0296875
1 0.659375 0.1890625 0.05859375 0.03515625
1 0.87265625 0.36953125 0.06015625 0.025
1 0.890625 0.48046875 0.065625 0.0296875
1 0.48984375 0.3125 0.04765625 0.0296875
1 0.73125 0.31484375 0.06171875 0.02890625
1 0.25859375 0.01640625 0.075 0.0328125
1 0.634375 0.065625 0.06015625 0.04609375