1 0.73671875 0.521875 0.05625 0.03125
1 0.4265625 0.76640625 0.03203125 0.06484375
1 0.678125 0.79375 0.0578125 0.034375
1 0.11953125 0.94453125 0.05078125 0.03984375
1 0.6515625 0.4578125 0.046875 0.046875
1 0.928125 0.0796875 0.06171875 0.0328125
1 0.35390625 0.82421875 0.03125 0.06015625
1 0.83203125 0.178125 0.028125 0.0484375
1 0.4703125 0.42421875 0.02734375 0.05234375
1 0.53125 0.590625 0.0265625 0.05234375
1 0.8078125 0.3296875 0.03125 0.0546875
1 0.5765625 0.946875 0.0578125 0.034375
1 0.68671875 0.30625 0.0296875 0.05