1 0.19765625 0.89765625 0.02890625 0.0625
1 0.3671875 0.92578125 0.05390625 0.03046875
1 0.21640625 0.36640625 0.06953125 0.04140625
1 0.4203125 0.1703125 0.04140625 0.03515625
1 0.40703125 0.8265625 0.04453125 0.0390625
1 0.79375 0.7984375 0.05703125 0.02734375
1 0.70703125 0.9453125 0.02421875 0.0578125
1 0.128125 0.86875 0.02890625 0.05546875
1 0.25078125 0.7296875 0.05234375 0.02734375
1 0.559375 0.59140625 0.0421875 0.02734375
1 0.440625 0.08984375 0.06015625 0.03203125
1 0.5703125 0.03671875 0.040625 0.05
1 0.08203125 0.67890625 0.025 0.04921875
0 0.57890625 0.48984375 0.0796875 0.07421875
1 0.87734375 0.97265625 0.0296875 0.0546875
1 0.97421875 0.73515625 0.0515625 0.0328125
1 0.43359375 0.015625 0.03828125 0.03125
1 0.5 0.4640625 0.04296875 0.09453125