1 0.64296875 0.540625 0.0484375 0.0453125
1 0.78125 0.1328125 0.02734375 0.06171875
1 0.7015625 0.2328125 0.053125 0.0296875
1 0.37109375 0.11953125 0.0234375 0.046875
1 0.503125 0.2921875 0.02890625 0.05625
1 0.20546875 0.42578125 0.0515625 0.0359375
1 0.73984375 0.02265625 0.03203125 0.0421875
1 0.5953125 0.0515625 0.05 0.0375
1 0.38125 0.753125 0.05546875 0.02734375
1 0.58828125 0.69140625 0.0453125 0.03515625
1 0.484375 0.028125 0.02734375 0.0515625
1 0.5734375 0.1890625 0.02734375 0.053125
1 0.46875 0.85234375 0.04609375 0.0359375
1 0.109375 0.25703125 0.040625 0.03828125
1 0.14765625 0.15234375 0.0390625 0.05234375
1 0.19765625 0.675 0.05078125 0.0265625
1 0.0875 0.73828125 0.02265625 0.04609375
1 0.17578125 0.30703125 0.05859375 0.090625
1 0.72109375 0.4421875 0.03984375 0.071875
1 0.81171875 0.60703125 0.0609375 0.05078125
1 0.8453125 0.146875 0.0421875 0.08125