1 0.45625 0.75703125 0.04296875 0.034375
1 0.1359375 0.090625 0.02890625 0.065625
1 0.23203125 0.17109375 0.04296875 0.05078125
1 0.30546875 0.575 0.02890625 0.05859375
1 0.8046875 0.928125 0.053125 0.040625
1 0.89453125 0.4734375 0.02890625 0.04609375
1 0.02109375 0.11875 0.04140625 0.03125
1 0.3578125 0.94921875 0.04765625 0.03125
1 0.16015625 0.50234375 0.05234375 0.03125
1 0.0484375 0.29765625 0.06640625 0.0328125
1 0.73359375 0.634375 0.04453125 0.028125
1 0.57890625 0.41328125 0.0609375 0.03046875
1 0.6953125 0.31015625 0.0703125 0.03203125
1 0.5046875 0.33125 0.0359375 0.0515625
1 0.44453125 0.4140625 0.05625 0.0296875
1 0.62421875 0.1234375 0.040625 0.03671875
1 0.26328125 0.8671875 0.06328125 0.03046875
1 0.9296875 0.0890625 0.025 0.05078125
1 0.71484375 0.5875 0.0390625 0.03671875
1 0.03515625 0.55859375 0.05390625 0.02734375
1 0.91328125 0.296875 0.0546875 0.03125
1 0.6 0.659375 0.05 0.0390625
1 0.0375 0.690625 0.05234375 0.0265625
1 0.415625 0.609375 0.0375 0.04140625
1 0.38984375 0.03359375 0.0296875 0.0515625
1 0.19140625 0.9890625 0.02109375 0.01953125
1 0.11875 0.77734375 0.07734375 0.03671875